[1.0, 1.0, 3.0, 1.0, 0.1, 7.0, 3.0, 3.0, 3.0, 17.400000000000002, 30.0]
[1.0, 1.0, 3.0, 1.0, 0.15000000000000002, 7.0, 4.500000000000001, 4.500000000000001, 4.500000000000001, 15.833333333333334, 30.0]
[1.0, 1.0, 3.0, 1.0, 0.2, 7.0, 6.0, 6.0, 6.0, 14.533333333333331, 30.0]
[1.0, 1.0, 3.0, 1.0, 0.25, 7.0, 7.5, 7.5, 7.5, 22.25, 30.0]
[1.0, 1.0, 3.0, 1.0, 0.3, 7.0, 9.0, 9.0, 9.0, 18.099999999999998, 30.0]
[1.0, 1.0, 3.0, 1.0, 0.35, 7.0, 10.499999999999998, 10.499999999999998, 10.499999999999998, 22.63333333333333, 29.999999999999996]
[1.0, 1.0, 3.0, 1.0, 0.39999999999999997, 7.0, 12.0, 12.0, 12.0, 21.600000000000005, 30.000000000000004]
[1.0, 1.0, 3.0, 1.0, 0.44999999999999996, 7.0, 13.5, 13.5, 13.5, 20.65, 30.000000000000004]
[1.0, 1.0, 3.0, 1.0, 0.49999999999999994, 7.0, 14.999999999999998, 14.999999999999998, 14.999999999999998, 22.833333333333332, 30.0]
[1.0, 1.0, 3.0, 1.0, 0.5499999999999999, 7.0, 16.5, 16.5, 18.299999999999997, 23.400000000000002, 30.000000000000004]
[1.0, 1.0, 3.0, 1.0, 0.6, 7.0, 18.0, 19.2, 19.6, 22.933333333333334, 30.0]
[1.0, 1.0, 3.0, 1.0, 0.65, 7.0, 19.5, 20.549999999999997, 20.900000000000002, 23.7, 30.0]
[1.0, 1.0, 3.0, 1.0, 0.7000000000000001, 7.0, 21.0, 23.4, 22.200000000000003, 26.0, 29.999999999999996]
[1.0, 1.0, 3.0, 1.0, 0.7500000000000001, 7.0, 22.500000000000004, 24.75, 23.5, 26.333333333333332, 30.0]
[1.0, 1.0, 3.0, 1.0, 0.8000000000000002, 7.0, 24.000000000000004, 25.800000000000004, 24.800000000000004, 27.933333333333337, 30.0]
[1.0, 1.0, 3.0, 1.0, 0.8500000000000002, 7.0, 25.500000000000004, 26.850000000000005, 26.1, 27.850000000000005, 29.999999999999996]
[1.0, 1.0, 3.0, 1.0, 0.9000000000000002, 7.0, 27.000000000000007, 27.900000000000006, 27.400000000000006, 28.46666666666667, 30.0]
[1.0, 1.0, 3.0, 1.0, 0.9500000000000003, 7.0, 28.500000000000007, 28.95000000000001, 28.700000000000006, 29.233333333333338, 30.0]
[1.0, 1.0, 4.0, 1.0, 0.1, 7.0, 4.6, 4.6, 4.6, 28.599999999999998, 45.99999999999999]
[1.0, 1.0, 4.0, 1.0, 0.15000000000000002, 7.0, 6.900000000000001, 6.900000000000001, 6.900000000000001, 21.066666666666666, 46.0]
[1.0, 1.0, 4.0, 1.0, 0.2, 7.0, 9.2, 9.2, 9.2, 23.86666666666667, 45.99999999999999]
[1.0, 1.0, 4.0, 1.0, 0.25, 7.0, 11.5, 11.5, 11.5, 36.75, 46.0]
[1.0, 1.0, 4.0, 1.0, 0.3, 7.0, 13.799999999999999, 13.799999999999999, 13.799999999999999, 35.5, 46.0]
[1.0, 1.0, 4.0, 1.0, 0.35, 7.0, 16.099999999999998, 16.099999999999998, 16.099999999999998, 35.81666666666667, 46.0]
[1.0, 1.0, 4.0, 1.0, 0.39999999999999997, 7.0, 18.4, 18.4, 18.4, 35.0, 46.0]
[1.0, 1.0, 4.0, 1.0, 0.44999999999999996, 7.0, 20.699999999999996, 20.699999999999996, 20.699999999999996, 30.23333333333333, 45.99999999999999]
[1.0, 1.0, 4.0, 1.0, 0.49999999999999994, 7.0, 22.999999999999996, 22.999999999999996, 22.999999999999996, 37.833333333333336, 46.0]
[1.0, 1.0, 4.0, 1.0, 0.5499999999999999, 7.0, 25.299999999999997, 27.099999999999998, 30.699999999999996, 36.699999999999996, 46.0]
[1.0, 1.0, 4.0, 1.0, 0.6, 7.0, 27.599999999999998, 29.599999999999998, 32.4, 37.6, 46.0]
[1.0, 1.0, 4.0, 1.0, 0.65, 7.0, 29.900000000000002, 31.650000000000002, 34.1, 40.050000000000004, 46.0]
[1.0, 1.0, 4.0, 1.0, 0.7000000000000001, 7.0, 32.2, 36.1, 35.800000000000004, 40.5, 46.0]
[1.0, 1.0, 4.0, 1.0, 0.7500000000000001, 7.0, 34.50000000000001, 38.0, 37.50000000000001, 39.75, 46.0]
[1.0, 1.0, 4.0, 1.0, 0.8000000000000002, 7.0, 36.80000000000001, 39.60000000000001, 39.20000000000001, 42.20000000000001, 46.00000000000001]
[1.0, 1.0, 4.0, 1.0, 0.8500000000000002, 7.0, 39.10000000000001, 41.2, 40.900000000000006, 43.6, 46.0]
[1.0, 1.0, 4.0, 1.0, 0.9000000000000002, 7.0, 41.400000000000006, 42.800000000000004, 42.60000000000001, 44.666666666666664, 45.99999999999999]
[1.0, 1.0, 4.0, 1.0, 0.9500000000000003, 7.0, 43.70000000000002, 44.400000000000006, 44.30000000000001, 44.95000000000001, 46.00000000000001]
[1.0, 1.0, 5.0, 1.0, 0.1, 7.0, 6.200000000000001, 6.200000000000001, 6.200000000000001, 39.2, 62.00000000000001]
[1.0, 1.0, 5.0, 1.0, 0.15000000000000002, 7.0, 9.3, 9.3, 9.3, 31.96666666666667, 61.99999999999999]
[1.0, 1.0, 5.0, 1.0, 0.2, 7.0, 12.400000000000002, 12.400000000000002, 12.400000000000002, 34.0, 62.00000000000001]
[1.0, 1.0, 5.0, 1.0, 0.25, 7.0, 15.5, 15.5, 15.5, 42.5, 62.0]
[1.0, 1.0, 5.0, 1.0, 0.3, 7.0, 18.6, 18.6, 18.6, 35.63333333333333, 62.00000000000001]
[1.0, 1.0, 5.0, 1.0, 0.35, 7.0, 21.699999999999996, 21.699999999999996, 21.699999999999996, 42.28333333333333, 61.99999999999999]
[1.0, 1.0, 5.0, 1.0, 0.39999999999999997, 7.0, 24.799999999999997, 27.8, 24.799999999999997, 40.4, 62.0]
[1.0, 1.0, 5.0, 1.0, 0.44999999999999996, 7.0, 27.9, 31.199999999999996, 27.9, 49.53333333333333, 62.0]
[1.0, 1.0, 5.0, 1.0, 0.49999999999999994, 7.0, 30.999999999999996, 33.99999999999999, 30.999999999999996, 38.5, 62.0]
[1.0, 1.0, 5.0, 1.0, 0.5499999999999999, 7.0, 34.099999999999994, 36.8, 37.25, 48.5, 62.0]
[1.0, 1.0, 5.0, 1.0, 0.6, 7.0, 37.2, 40.0, 40.0, 46.666666666666664, 62.00000000000001]
[1.0, 1.0, 5.0, 1.0, 0.65, 7.0, 40.3, 42.75, 42.75, 52.78333333333333, 61.99999999999999]
[1.0, 1.0, 5.0, 1.0, 0.7000000000000001, 7.0, 43.400000000000006, 45.80000000000001, 45.5, 54.800000000000004, 62.0]
[1.0, 1.0, 5.0, 1.0, 0.7500000000000001, 7.0, 46.50000000000001, 51.25, 48.25, 53.416666666666664, 62.0]
[1.0, 1.0, 5.0, 1.0, 0.8000000000000002, 7.0, 49.600000000000016, 53.400000000000006, 51.00000000000001, 55.333333333333336, 62.00000000000001]
[1.0, 1.0, 5.0, 1.0, 0.8500000000000002, 7.0, 52.70000000000002, 55.55000000000001, 53.750000000000014, 58.25, 62.00000000000001]
[1.0, 1.0, 5.0, 1.0, 0.9000000000000002, 7.0, 55.80000000000002, 57.70000000000001, 56.50000000000001, 59.96666666666667, 62.00000000000001]
[1.0, 1.0, 5.0, 1.0, 0.9500000000000003, 7.0, 58.90000000000001, 59.850000000000016, 59.250000000000014, 60.56666666666667, 61.99999999999999]
[1.0, 1.0, 6.0, 1.0, 0.1, 7.0, 7.800000000000001, 7.800000000000001, 7.800000000000001, 46.5, 78.0]
[1.0, 1.0, 6.0, 1.0, 0.15000000000000002, 7.0, 11.700000000000003, 11.700000000000003, 11.700000000000003, 43.71666666666667, 78.00000000000001]
[1.0, 1.0, 6.0, 1.0, 0.2, 7.0, 15.600000000000001, 15.600000000000001, 15.600000000000001, 43.86666666666667, 78.0]
[1.0, 1.0, 6.0, 1.0, 0.25, 7.0, 19.5, 19.5, 19.5, 43.5, 78.0]
[1.0, 1.0, 6.0, 1.0, 0.3, 7.0, 23.4, 23.4, 23.4, 44.166666666666664, 78.0]
[1.0, 1.0, 6.0, 1.0, 0.35, 7.0, 27.299999999999997, 27.299999999999997, 31.849999999999998, 62.4, 78.0]
[1.0, 1.0, 6.0, 1.0, 0.39999999999999997, 7.0, 31.2, 35.4, 35.4, 53.0, 78.0]
[1.0, 1.0, 6.0, 1.0, 0.44999999999999996, 7.0, 35.099999999999994, 39.5, 38.949999999999996, 66.45, 78.0]
[1.0, 1.0, 6.0, 1.0, 0.49999999999999994, 7.0, 38.99999999999999, 43.0, 42.5, 63.166666666666664, 78.0]
[1.0, 1.0, 6.0, 1.0, 0.5499999999999999, 7.0, 42.9, 46.49999999999999, 46.949999999999996, 65.39999999999999, 78.0]
[1.0, 1.0, 6.0, 1.0, 0.6, 7.0, 46.8, 50.4, 50.4, 63.199999999999996, 78.0]
[1.0, 1.0, 6.0, 1.0, 0.65, 7.0, 50.7, 53.85, 53.85, 70.65, 78.0]
[1.0, 1.0, 6.0, 1.0, 0.7000000000000001, 7.0, 54.6, 57.6, 61.2, 63.699999999999996, 78.0]
[1.0, 1.0, 6.0, 1.0, 0.7500000000000001, 7.0, 58.50000000000001, 64.50000000000001, 64.00000000000001, 69.25, 78.0]
[1.0, 1.0, 6.0, 1.0, 0.8000000000000002, 7.0, 62.400000000000006, 67.2, 66.80000000000001, 67.73333333333335, 77.99999999999999]
[1.0, 1.0, 6.0, 1.0, 0.8500000000000002, 7.0, 66.30000000000001, 69.9, 69.60000000000001, 73.9, 78.0]
[1.0, 1.0, 6.0, 1.0, 0.9000000000000002, 7.0, 70.20000000000002, 72.60000000000001, 72.40000000000002, 72.93333333333335, 78.0]
[1.0, 1.0, 6.0, 1.0, 0.9500000000000003, 7.0, 74.10000000000002, 75.30000000000001, 75.20000000000002, 76.03333333333335, 78.0]
[1.0, 1.0, 7.0, 1.0, 0.1, 7.0, 9.400000000000002, 9.400000000000002, 9.400000000000002, 54.4, 94.00000000000001]
[1.0, 1.0, 7.0, 1.0, 0.15000000000000002, 7.0, 14.100000000000003, 14.100000000000003, 14.100000000000003, 65.38333333333333, 94.00000000000001]
[1.0, 1.0, 7.0, 1.0, 0.2, 7.0, 18.800000000000004, 18.800000000000004, 18.800000000000004, 43.333333333333336, 94.00000000000001]
[1.0, 1.0, 7.0, 1.0, 0.25, 7.0, 23.5, 23.5, 23.5, 61.25, 94.0]
[1.0, 1.0, 7.0, 1.0, 0.3, 7.0, 28.200000000000003, 28.200000000000003, 28.200000000000003, 50.13333333333333, 94.00000000000001]
[1.0, 1.0, 7.0, 1.0, 0.35, 7.0, 32.89999999999999, 32.89999999999999, 38.75, 45.900000000000006, 93.99999999999999]
[1.0, 1.0, 7.0, 1.0, 0.39999999999999997, 7.0, 37.6, 37.6, 43.0, 60.79999999999999, 94.00000000000001]
[1.0, 1.0, 7.0, 1.0, 0.44999999999999996, 7.0, 42.3, 47.8, 47.25, 66.86666666666666, 94.0]
[1.0, 1.0, 7.0, 1.0, 0.49999999999999994, 7.0, 46.99999999999999, 51.99999999999999, 51.5, 82.5, 94.0]
[1.0, 1.0, 7.0, 1.0, 0.5499999999999999, 7.0, 51.7, 56.19999999999999, 56.64999999999999, 73.60000000000001, 94.00000000000001]
[1.0, 1.0, 7.0, 1.0, 0.6, 7.0, 56.400000000000006, 60.39999999999999, 60.8, 74.53333333333335, 94.00000000000001]
[1.0, 1.0, 7.0, 1.0, 0.65, 7.0, 61.099999999999994, 64.95, 64.95, 64.71666666666665, 93.99999999999999]
[1.0, 1.0, 7.0, 1.0, 0.7000000000000001, 7.0, 65.8, 69.4, 73.9, 84.8, 93.99999999999999]
[1.0, 1.0, 7.0, 1.0, 0.7500000000000001, 7.0, 70.50000000000001, 77.75000000000001, 77.25000000000001, 85.41666666666667, 94.0]
[1.0, 1.0, 7.0, 1.0, 0.8000000000000002, 7.0, 75.20000000000002, 81.00000000000001, 80.60000000000001, 84.33333333333334, 94.0]
[1.0, 1.0, 7.0, 1.0, 0.8500000000000002, 7.0, 79.90000000000002, 84.25000000000001, 83.95000000000002, 91.0, 94.0]
[1.0, 1.0, 7.0, 1.0, 0.9000000000000002, 7.0, 84.60000000000002, 87.50000000000003, 87.30000000000001, 91.46666666666668, 94.0]
[1.0, 1.0, 7.0, 1.0, 0.9500000000000003, 7.0, 89.30000000000004, 90.75000000000003, 90.65000000000002, 92.18333333333334, 94.00000000000001]
[1.0, 1.0, 8.0, 1.0, 0.1, 7.0, 11.0, 11.0, 11.0, 34.4, 110.0]
[1.0, 1.0, 8.0, 1.0, 0.15000000000000002, 7.0, 16.5, 16.5, 16.5, 45.68333333333334, 109.99999999999999]
[1.0, 1.0, 8.0, 1.0, 0.2, 7.0, 22.0, 22.0, 22.0, 57.20000000000001, 110.0]
[1.0, 1.0, 8.0, 1.0, 0.25, 7.0, 27.5, 27.5, 27.5, 72.25, 110.0]
[1.0, 1.0, 8.0, 1.0, 0.3, 7.0, 33.0, 33.0, 33.0, 96.93333333333334, 110.0]
[1.0, 1.0, 8.0, 1.0, 0.35, 7.0, 38.5, 38.5, 45.650000000000006, 74.46666666666667, 110.0]
[1.0, 1.0, 8.0, 1.0, 0.39999999999999997, 7.0, 44.0, 44.0, 50.599999999999994, 73.2, 110.00000000000001]
[1.0, 1.0, 8.0, 1.0, 0.44999999999999996, 7.0, 49.5, 56.099999999999994, 55.550000000000004, 79.2, 110.00000000000001]
[1.0, 1.0, 8.0, 1.0, 0.49999999999999994, 7.0, 54.99999999999999, 60.99999999999999, 60.5, 87.0, 110.0]
[1.0, 1.0, 8.0, 1.0, 0.5499999999999999, 7.0, 60.49999999999999, 65.89999999999999, 66.35, 78.5, 110.0]
[1.0, 1.0, 8.0, 1.0, 0.6, 7.0, 66.0, 70.8, 71.2, 93.73333333333333, 110.0]
[1.0, 1.0, 8.0, 1.0, 0.65, 7.0, 71.5, 76.05, 76.05, 94.36666666666667, 110.0]
[1.0, 1.0, 8.0, 1.0, 0.7000000000000001, 7.0, 77.0, 81.2, 86.60000000000001, 83.60000000000001, 109.99999999999999]
[1.0, 1.0, 8.0, 1.0, 0.7500000000000001, 7.0, 82.50000000000001, 91.0, 90.5, 95.83333333333333, 110.0]
[1.0, 1.0, 8.0, 1.0, 0.8000000000000002, 7.0, 88.00000000000003, 94.80000000000001, 94.40000000000002, 103.53333333333335, 110.00000000000001]
[1.0, 1.0, 8.0, 1.0, 0.8500000000000002, 7.0, 93.50000000000001, 98.60000000000002, 98.30000000000001, 103.5, 109.99999999999999]
[1.0, 1.0, 8.0, 1.0, 0.9000000000000002, 7.0, 99.00000000000001, 102.40000000000002, 102.20000000000002, 104.86666666666667, 109.99999999999999]
[1.0, 1.0, 8.0, 1.0, 0.9500000000000003, 7.0, 104.50000000000003, 106.20000000000002, 106.10000000000002, 106.80000000000001, 110.0]
[1.0, 1.0, 9.0, 1.0, 0.1, 7.0, 12.600000000000001, 12.600000000000001, 12.600000000000001, 64.8, 126.00000000000001]
[1.0, 1.0, 9.0, 1.0, 0.15000000000000002, 7.0, 18.900000000000002, 18.900000000000002, 18.900000000000002, 79.25, 126.0]
[1.0, 1.0, 9.0, 1.0, 0.2, 7.0, 25.200000000000003, 25.200000000000003, 25.200000000000003, 84.13333333333334, 126.00000000000001]
[1.0, 1.0, 9.0, 1.0, 0.25, 7.0, 31.5, 31.5, 31.5, 86.5, 126.0]
[1.0, 1.0, 9.0, 1.0, 0.3, 7.0, 37.8, 37.8, 37.8, 78.16666666666667, 126.0]
[1.0, 1.0, 9.0, 1.0, 0.35, 7.0, 44.099999999999994, 44.099999999999994, 52.55, 96.96666666666665, 125.99999999999999]
[1.0, 1.0, 9.0, 1.0, 0.39999999999999997, 7.0, 50.39999999999999, 50.39999999999999, 58.199999999999996, 78.6, 125.99999999999999]
[1.0, 1.0, 9.0, 1.0, 0.44999999999999996, 7.0, 56.7, 63.849999999999994, 63.849999999999994, 94.83333333333333, 126.00000000000001]
[1.0, 1.0, 9.0, 1.0, 0.49999999999999994, 7.0, 62.99999999999999, 69.99999999999999, 69.49999999999999, 99.66666666666667, 126.0]
[1.0, 1.0, 9.0, 1.0, 0.5499999999999999, 7.0, 69.29999999999998, 75.6, 76.04999999999998, 102.60000000000001, 125.99999999999999]
[1.0, 1.0, 9.0, 1.0, 0.6, 7.0, 75.6, 81.19999999999999, 81.6, 100.53333333333332, 126.0]
[1.0, 1.0, 9.0, 1.0, 0.65, 7.0, 81.9, 87.15, 87.15, 93.10000000000002, 126.0]
[1.0, 1.0, 9.0, 1.0, 0.7000000000000001, 7.0, 88.20000000000002, 93.0, 99.30000000000001, 110.0, 126.00000000000001]
[1.0, 1.0, 9.0, 1.0, 0.7500000000000001, 7.0, 94.50000000000001, 104.25, 103.75, 121.33333333333333, 126.0]
[1.0, 1.0, 9.0, 1.0, 0.8000000000000002, 7.0, 100.80000000000001, 108.60000000000001, 108.20000000000002, 114.93333333333334, 125.99999999999999]
[1.0, 1.0, 9.0, 1.0, 0.8500000000000002, 7.0, 107.10000000000002, 112.95000000000002, 112.65000000000002, 113.10000000000002, 126.0]
[1.0, 1.0, 9.0, 1.0, 0.9000000000000002, 7.0, 113.40000000000003, 117.30000000000001, 117.10000000000002, 119.06666666666668, 126.0]
[1.0, 1.0, 9.0, 1.0, 0.9500000000000003, 7.0, 119.70000000000005, 121.65000000000003, 121.55000000000004, 123.33333333333336, 126.00000000000001]
[1.0, 1.0, 10.0, 1.0, 0.1, 7.0, 14.2, 14.2, 14.2, 54.1, 141.99999999999997]
[1.0, 1.0, 10.0, 1.0, 0.15000000000000002, 7.0, 21.300000000000004, 21.300000000000004, 21.300000000000004, 112.25, 142.0]
[1.0, 1.0, 10.0, 1.0, 0.2, 7.0, 28.4, 28.4, 28.4, 81.73333333333333, 141.99999999999997]
[1.0, 1.0, 10.0, 1.0, 0.25, 7.0, 35.5, 35.5, 35.5, 64.5, 142.0]
[1.0, 1.0, 10.0, 1.0, 0.3, 7.0, 42.599999999999994, 42.599999999999994, 42.599999999999994, 76.66666666666667, 142.0]
[1.0, 1.0, 10.0, 1.0, 0.35, 7.0, 49.7, 49.7, 59.45, 122.28333333333335, 142.00000000000003]
[1.0, 1.0, 10.0, 1.0, 0.39999999999999997, 7.0, 56.8, 56.8, 65.8, 118.59999999999998, 142.0]
[1.0, 1.0, 10.0, 1.0, 0.44999999999999996, 7.0, 63.900000000000006, 72.15, 72.14999999999999, 102.21666666666665, 142.00000000000003]
[1.0, 1.0, 10.0, 1.0, 0.49999999999999994, 7.0, 70.99999999999999, 78.99999999999999, 78.5, 95.83333333333333, 142.0]
[1.0, 1.0, 10.0, 1.0, 0.5499999999999999, 7.0, 78.1, 85.3, 85.75, 103.14999999999999, 142.0]
[1.0, 1.0, 10.0, 1.0, 0.6, 7.0, 85.19999999999999, 91.6, 92.0, 118.13333333333333, 142.0]
[1.0, 1.0, 10.0, 1.0, 0.65, 7.0, 92.30000000000001, 98.25, 98.25, 130.5666666666667, 142.0]
[1.0, 1.0, 10.0, 1.0, 0.7000000000000001, 7.0, 99.4, 104.8, 112.0, 123.89999999999999, 142.0]
[1.0, 1.0, 10.0, 1.0, 0.7500000000000001, 7.0, 106.50000000000001, 117.5, 117.0, 119.83333333333333, 142.0]
[1.0, 1.0, 10.0, 1.0, 0.8000000000000002, 7.0, 113.60000000000004, 122.40000000000002, 122.00000000000003, 127.00000000000001, 142.00000000000003]
[1.0, 1.0, 10.0, 1.0, 0.8500000000000002, 7.0, 120.70000000000003, 127.30000000000003, 127.00000000000003, 129.75000000000003, 142.0]
[1.0, 1.0, 10.0, 1.0, 0.9000000000000002, 7.0, 127.80000000000003, 132.20000000000002, 132.00000000000003, 133.46666666666667, 142.0]
[1.0, 1.0, 10.0, 1.0, 0.9500000000000003, 7.0, 134.90000000000003, 137.10000000000002, 137.00000000000003, 138.26666666666668, 142.0]
[1.0, 1.0, 3.0, 1.0, 0.1, 8.0, 3.6, 3.6, 3.6, 14.4, 36.0]
[1.0, 1.0, 3.0, 1.0, 0.15000000000000002, 8.0, 5.400000000000001, 5.400000000000001, 5.400000000000001, 17.3, 36.0]
[1.0, 1.0, 3.0, 1.0, 0.2, 8.0, 7.2, 7.2, 7.2, 21.866666666666664, 36.0]
[1.0, 1.0, 3.0, 1.0, 0.25, 8.0, 9.0, 9.0, 9.0, 22.0, 36.0]
[1.0, 1.0, 3.0, 1.0, 0.3, 8.0, 10.8, 10.8, 10.8, 25.5, 36.00000000000001]
[1.0, 1.0, 3.0, 1.0, 0.35, 8.0, 12.599999999999998, 12.599999999999998, 12.599999999999998, 23.650000000000002, 35.99999999999999]
[1.0, 1.0, 3.0, 1.0, 0.39999999999999997, 8.0, 14.4, 14.4, 14.4, 25.400000000000002, 36.00000000000001]
[1.0, 1.0, 3.0, 1.0, 0.44999999999999996, 8.0, 16.2, 16.2, 16.2, 28.116666666666664, 36.0]
[1.0, 1.0, 3.0, 1.0, 0.49999999999999994, 8.0, 17.999999999999996, 17.999999999999996, 17.999999999999996, 26.833333333333332, 36.0]
[1.0, 1.0, 3.0, 1.0, 0.5499999999999999, 8.0, 19.8, 21.15, 21.599999999999998, 25.95, 36.00000000000001]
[1.0, 1.0, 3.0, 1.0, 0.6, 8.0, 21.6, 24.4, 23.200000000000003, 28.666666666666668, 36.00000000000001]
[1.0, 1.0, 3.0, 1.0, 0.65, 8.0, 23.4, 25.85, 24.800000000000004, 30.633333333333336, 36.0]
[1.0, 1.0, 3.0, 1.0, 0.7000000000000001, 8.0, 25.2, 27.599999999999998, 26.400000000000002, 30.5, 35.99999999999999]
[1.0, 1.0, 3.0, 1.0, 0.7500000000000001, 8.0, 27.000000000000004, 29.25, 28.0, 31.0, 36.0]
[1.0, 1.0, 3.0, 1.0, 0.8000000000000002, 8.0, 28.800000000000004, 30.600000000000005, 29.600000000000005, 32.53333333333334, 36.0]
[1.0, 1.0, 3.0, 1.0, 0.8500000000000002, 8.0, 30.600000000000005, 31.950000000000006, 31.200000000000003, 33.25, 36.0]
[1.0, 1.0, 3.0, 1.0, 0.9000000000000002, 8.0, 32.400000000000006, 33.300000000000004, 32.800000000000004, 34.300000000000004, 36.0]
[1.0, 1.0, 3.0, 1.0, 0.9500000000000003, 8.0, 34.20000000000001, 34.65000000000001, 34.400000000000006, 35.150000000000006, 36.0]
[1.0, 1.0, 4.0, 1.0, 0.1, 8.0, 5.6, 5.6, 5.6, 14.0, 55.99999999999999]
[1.0, 1.0, 4.0, 1.0, 0.15000000000000002, 8.0, 8.400000000000002, 8.400000000000002, 8.400000000000002, 44.1, 56.00000000000001]
[1.0, 1.0, 4.0, 1.0, 0.2, 8.0, 11.2, 11.2, 11.2, 33.6, 55.99999999999999]
[1.0, 1.0, 4.0, 1.0, 0.25, 8.0, 14.0, 14.0, 14.0, 37.75, 56.0]
[1.0, 1.0, 4.0, 1.0, 0.3, 8.0, 16.799999999999997, 16.799999999999997, 16.799999999999997, 38.733333333333334, 55.99999999999999]
[1.0, 1.0, 4.0, 1.0, 0.35, 8.0, 19.599999999999998, 19.599999999999998, 19.599999999999998, 32.6, 56.0]
[1.0, 1.0, 4.0, 1.0, 0.39999999999999997, 8.0, 22.4, 22.4, 22.4, 34.199999999999996, 56.0]
[1.0, 1.0, 4.0, 1.0, 0.44999999999999996, 8.0, 25.199999999999996, 25.199999999999996, 25.199999999999996, 38.583333333333336, 55.99999999999999]
[1.0, 1.0, 4.0, 1.0, 0.49999999999999994, 8.0, 27.999999999999996, 27.999999999999996, 27.999999999999996, 42.833333333333336, 56.0]
[1.0, 1.0, 4.0, 1.0, 0.5499999999999999, 8.0, 30.799999999999997, 32.599999999999994, 36.199999999999996, 43.699999999999996, 56.0]
[1.0, 1.0, 4.0, 1.0, 0.6, 8.0, 33.599999999999994, 38.0, 38.4, 45.86666666666667, 55.99999999999999]
[1.0, 1.0, 4.0, 1.0, 0.65, 8.0, 36.400000000000006, 40.6, 40.6, 44.449999999999996, 56.00000000000001]
[1.0, 1.0, 4.0, 1.0, 0.7000000000000001, 8.0, 39.2, 43.1, 42.800000000000004, 47.0, 56.0]
[1.0, 1.0, 4.0, 1.0, 0.7500000000000001, 8.0, 42.00000000000001, 45.5, 45.00000000000001, 49.666666666666664, 56.0]
[1.0, 1.0, 4.0, 1.0, 0.8000000000000002, 8.0, 44.80000000000001, 47.60000000000001, 47.20000000000001, 48.20000000000001, 56.0]
[1.0, 1.0, 4.0, 1.0, 0.8500000000000002, 8.0, 47.60000000000001, 49.7, 49.400000000000006, 51.6, 56.0]
[1.0, 1.0, 4.0, 1.0, 0.9000000000000002, 8.0, 50.400000000000006, 51.800000000000004, 51.60000000000001, 52.76666666666667, 55.99999999999999]
[1.0, 1.0, 4.0, 1.0, 0.9500000000000003, 8.0, 53.20000000000002, 53.900000000000006, 53.80000000000001, 54.183333333333344, 56.0]
[1.0, 1.0, 5.0, 1.0, 0.1, 8.0, 7.600000000000001, 7.600000000000001, 7.600000000000001, 60.1, 76.00000000000001]
[1.0, 1.0, 5.0, 1.0, 0.15000000000000002, 8.0, 11.400000000000002, 11.400000000000002, 11.400000000000002, 30.383333333333336, 76.0]
[1.0, 1.0, 5.0, 1.0, 0.2, 8.0, 15.200000000000003, 15.200000000000003, 15.200000000000003, 40.26666666666667, 76.00000000000001]
[1.0, 1.0, 5.0, 1.0, 0.25, 8.0, 19.0, 19.0, 19.0, 48.5, 76.0]
[1.0, 1.0, 5.0, 1.0, 0.3, 8.0, 22.8, 22.8, 22.8, 44.03333333333334, 76.0]
[1.0, 1.0, 5.0, 1.0, 0.35, 8.0, 26.599999999999994, 26.599999999999994, 26.599999999999994, 63.21666666666666, 75.99999999999999]
[1.0, 1.0, 5.0, 1.0, 0.39999999999999997, 8.0, 30.4, 33.4, 30.4, 53.6, 76.0]
[1.0, 1.0, 5.0, 1.0, 0.44999999999999996, 8.0, 34.199999999999996, 37.49999999999999, 34.199999999999996, 51.61666666666665, 76.0]
[1.0, 1.0, 5.0, 1.0, 0.49999999999999994, 8.0, 37.99999999999999, 40.99999999999999, 37.99999999999999, 58.0, 76.0]
[1.0, 1.0, 5.0, 1.0, 0.5499999999999999, 8.0, 41.8, 44.5, 49.0, 54.1, 76.0]
[1.0, 1.0, 5.0, 1.0, 0.6, 8.0, 45.6, 48.4, 52.0, 56.4, 76.0]
[1.0, 1.0, 5.0, 1.0, 0.65, 8.0, 49.4, 55.0, 55.0, 62.583333333333336, 76.0]
[1.0, 1.0, 5.0, 1.0, 0.7000000000000001, 8.0, 53.2, 58.60000000000001, 58.0, 64.60000000000001, 76.0]
[1.0, 1.0, 5.0, 1.0, 0.7500000000000001, 8.0, 57.00000000000001, 61.75, 61.0, 60.333333333333336, 76.0]
[1.0, 1.0, 5.0, 1.0, 0.8000000000000002, 8.0, 60.80000000000002, 64.60000000000001, 64.0, 70.46666666666667, 76.00000000000001]
[1.0, 1.0, 5.0, 1.0, 0.8500000000000002, 8.0, 64.60000000000002, 67.45000000000002, 67.00000000000001, 69.75000000000001, 76.00000000000001]
[1.0, 1.0, 5.0, 1.0, 0.9000000000000002, 8.0, 68.40000000000002, 70.30000000000001, 70.00000000000001, 72.63333333333334, 76.0]
[1.0, 1.0, 5.0, 1.0, 0.9500000000000003, 8.0, 72.20000000000002, 73.15000000000002, 73.00000000000001, 74.73333333333333, 76.0]
[1.0, 1.0, 6.0, 1.0, 0.1, 8.0, 9.600000000000001, 9.600000000000001, 9.600000000000001, 52.800000000000004, 96.00000000000001]
[1.0, 1.0, 6.0, 1.0, 0.15000000000000002, 8.0, 14.400000000000002, 14.400000000000002, 14.400000000000002, 24.600000000000005, 96.0]
[1.0, 1.0, 6.0, 1.0, 0.2, 8.0, 19.200000000000003, 19.200000000000003, 19.200000000000003, 50.4, 96.00000000000001]
[1.0, 1.0, 6.0, 1.0, 0.25, 8.0, 24.0, 24.0, 24.0, 65.0, 96.0]
[1.0, 1.0, 6.0, 1.0, 0.3, 8.0, 28.799999999999997, 28.799999999999997, 28.799999999999997, 73.6, 96.0]
[1.0, 1.0, 6.0, 1.0, 0.35, 8.0, 33.599999999999994, 37.5, 38.15, 55.69999999999999, 95.99999999999999]
[1.0, 1.0, 6.0, 1.0, 0.39999999999999997, 8.0, 38.4, 42.599999999999994, 42.599999999999994, 57.6, 96.0]
[1.0, 1.0, 6.0, 1.0, 0.44999999999999996, 8.0, 43.199999999999996, 47.6, 47.05, 68.31666666666668, 96.0]
[1.0, 1.0, 6.0, 1.0, 0.49999999999999994, 8.0, 47.99999999999999, 52.0, 51.5, 58.666666666666664, 96.0]
[1.0, 1.0, 6.0, 1.0, 0.5499999999999999, 8.0, 52.8, 56.39999999999999, 56.849999999999994, 74.1, 96.0]
[1.0, 1.0, 6.0, 1.0, 0.6, 8.0, 57.599999999999994, 61.199999999999996, 61.199999999999996, 67.60000000000001, 96.0]
[1.0, 1.0, 6.0, 1.0, 0.65, 8.0, 62.400000000000006, 65.55, 65.55, 77.91666666666667, 96.0]
[1.0, 1.0, 6.0, 1.0, 0.7000000000000001, 8.0, 67.2, 74.1, 73.80000000000001, 83.4, 96.0]
[1.0, 1.0, 6.0, 1.0, 0.7500000000000001, 8.0, 72.00000000000001, 78.00000000000001, 77.50000000000001, 86.83333333333333, 96.0]
[1.0, 1.0, 6.0, 1.0, 0.8000000000000002, 8.0, 76.80000000000001, 81.60000000000001, 81.20000000000002, 87.93333333333334, 96.0]
[1.0, 1.0, 6.0, 1.0, 0.8500000000000002, 8.0, 81.60000000000002, 85.20000000000002, 84.9, 92.7, 96.0]
[1.0, 1.0, 6.0, 1.0, 0.9000000000000002, 8.0, 86.40000000000002, 88.80000000000001, 88.60000000000002, 90.36666666666667, 96.0]
[1.0, 1.0, 6.0, 1.0, 0.9500000000000003, 8.0, 91.20000000000003, 92.40000000000002, 92.30000000000003, 93.65000000000002, 96.0]
[1.0, 1.0, 7.0, 1.0, 0.1, 8.0, 11.600000000000001, 11.600000000000001, 11.600000000000001, 71.60000000000001, 116.00000000000001]
[1.0, 1.0, 7.0, 1.0, 0.15000000000000002, 8.0, 17.400000000000006, 17.400000000000006, 17.400000000000006, 89.08333333333333, 116.00000000000001]
[1.0, 1.0, 7.0, 1.0, 0.2, 8.0, 23.200000000000003, 23.200000000000003, 23.200000000000003, 54.13333333333333, 116.00000000000001]
[1.0, 1.0, 7.0, 1.0, 0.25, 8.0, 29.0, 29.0, 29.0, 77.75, 116.0]
[1.0, 1.0, 7.0, 1.0, 0.3, 8.0, 34.800000000000004, 34.800000000000004, 34.800000000000004, 68.39999999999999, 116.00000000000001]
[1.0, 1.0, 7.0, 1.0, 0.35, 8.0, 40.599999999999994, 40.599999999999994, 46.45, 82.2, 115.99999999999999]
[1.0, 1.0, 7.0, 1.0, 0.39999999999999997, 8.0, 46.4, 51.8, 51.8, 77.60000000000001, 116.0]
[1.0, 1.0, 7.0, 1.0, 0.44999999999999996, 8.0, 52.199999999999996, 57.699999999999996, 57.15, 82.44999999999999, 116.0]
[1.0, 1.0, 7.0, 1.0, 0.49999999999999994, 8.0, 57.99999999999999, 62.99999999999999, 62.5, 74.83333333333333, 116.0]
[1.0, 1.0, 7.0, 1.0, 0.5499999999999999, 8.0, 63.8, 68.29999999999998, 68.74999999999999, 87.05, 116.00000000000001]
[1.0, 1.0, 7.0, 1.0, 0.6, 8.0, 69.60000000000001, 73.6, 74.0, 99.33333333333333, 116.00000000000001]
[1.0, 1.0, 7.0, 1.0, 0.65, 8.0, 75.39999999999999, 79.25, 79.25, 93.60000000000001, 115.99999999999999]
[1.0, 1.0, 7.0, 1.0, 0.7000000000000001, 8.0, 81.2, 89.60000000000001, 89.30000000000001, 100.5, 116.0]
[1.0, 1.0, 7.0, 1.0, 0.7500000000000001, 8.0, 87.00000000000001, 94.25000000000001, 93.75000000000001, 105.41666666666667, 116.0]
[1.0, 1.0, 7.0, 1.0, 0.8000000000000002, 8.0, 92.80000000000003, 98.60000000000002, 98.20000000000002, 103.73333333333335, 116.00000000000001]
[1.0, 1.0, 7.0, 1.0, 0.8500000000000002, 8.0, 98.60000000000002, 102.95000000000002, 102.65000000000002, 110.15000000000002, 116.0]
[1.0, 1.0, 7.0, 1.0, 0.9000000000000002, 8.0, 104.40000000000003, 107.30000000000004, 107.10000000000002, 109.23333333333335, 116.0]
[1.0, 1.0, 7.0, 1.0, 0.9500000000000003, 8.0, 110.20000000000005, 111.65000000000003, 111.55000000000003, 113.33333333333336, 116.00000000000001]
[1.0, 1.0, 8.0, 1.0, 0.1, 8.0, 13.6, 13.6, 13.6, 29.200000000000003, 136.0]
[1.0, 1.0, 8.0, 1.0, 0.15000000000000002, 8.0, 20.4, 20.4, 20.4, 86.98333333333333, 135.99999999999997]
[1.0, 1.0, 8.0, 1.0, 0.2, 8.0, 27.2, 27.2, 27.2, 85.60000000000001, 136.0]
[1.0, 1.0, 8.0, 1.0, 0.25, 8.0, 34.0, 34.0, 34.0, 80.0, 136.0]
[1.0, 1.0, 8.0, 1.0, 0.3, 8.0, 40.8, 40.8, 40.8, 93.53333333333335, 136.0]
[1.0, 1.0, 8.0, 1.0, 0.35, 8.0, 47.6, 47.6, 54.75000000000001, 105.88333333333333, 136.0]
[1.0, 1.0, 8.0, 1.0, 0.39999999999999997, 8.0, 54.4, 60.39999999999999, 60.99999999999999, 107.40000000000002, 136.0]
[1.0, 1.0, 8.0, 1.0, 0.44999999999999996, 8.0, 61.2, 67.8, 67.25, 98.78333333333332, 136.00000000000003]
[1.0, 1.0, 8.0, 1.0, 0.49999999999999994, 8.0, 67.99999999999999, 73.99999999999999, 73.5, 107.33333333333333, 136.0]
[1.0, 1.0, 8.0, 1.0, 0.5499999999999999, 8.0, 74.8, 80.19999999999999, 80.64999999999999, 106.89999999999999, 136.0]
[1.0, 1.0, 8.0, 1.0, 0.6, 8.0, 81.6, 86.39999999999999, 86.8, 111.33333333333333, 136.0]
[1.0, 1.0, 8.0, 1.0, 0.65, 8.0, 88.4, 92.95, 92.95, 111.61666666666667, 136.0]
[1.0, 1.0, 8.0, 1.0, 0.7000000000000001, 8.0, 95.2, 104.80000000000001, 104.80000000000001, 112.3, 136.0]
[1.0, 1.0, 8.0, 1.0, 0.7500000000000001, 8.0, 102.00000000000001, 110.5, 110.0, 111.33333333333333, 136.0]
[1.0, 1.0, 8.0, 1.0, 0.8000000000000002, 8.0, 108.80000000000004, 115.60000000000002, 115.20000000000002, 124.86666666666667, 136.00000000000003]
[1.0, 1.0, 8.0, 1.0, 0.8500000000000002, 8.0, 115.60000000000002, 120.70000000000003, 120.40000000000002, 127.10000000000002, 136.0]
[1.0, 1.0, 8.0, 1.0, 0.9000000000000002, 8.0, 122.40000000000002, 125.80000000000003, 125.60000000000002, 129.3666666666667, 135.99999999999997]
[1.0, 1.0, 8.0, 1.0, 0.9500000000000003, 8.0, 129.20000000000005, 130.90000000000003, 130.80000000000004, 132.35000000000002, 136.0]
[1.0, 1.0, 9.0, 1.0, 0.1, 8.0, 15.600000000000001, 15.600000000000001, 15.600000000000001, 75.0, 156.0]
[1.0, 1.0, 9.0, 1.0, 0.15000000000000002, 8.0, 23.400000000000002, 23.400000000000002, 23.400000000000002, 71.85000000000001, 156.0]
[1.0, 1.0, 9.0, 1.0, 0.2, 8.0, 31.200000000000003, 31.200000000000003, 31.200000000000003, 98.93333333333332, 156.0]
[1.0, 1.0, 9.0, 1.0, 0.25, 8.0, 39.0, 39.0, 39.0, 111.5, 156.0]
[1.0, 1.0, 9.0, 1.0, 0.3, 8.0, 46.8, 46.8, 46.8, 85.3, 156.0]
[1.0, 1.0, 9.0, 1.0, 0.35, 8.0, 54.599999999999994, 54.599999999999994, 63.05, 107.46666666666665, 156.0]
[1.0, 1.0, 9.0, 1.0, 0.39999999999999997, 8.0, 62.39999999999999, 62.39999999999999, 70.19999999999999, 96.2, 156.0]
[1.0, 1.0, 9.0, 1.0, 0.44999999999999996, 8.0, 70.2, 77.35, 77.35, 107.60000000000001, 156.00000000000003]
[1.0, 1.0, 9.0, 1.0, 0.49999999999999994, 8.0, 77.99999999999999, 84.99999999999999, 84.49999999999999, 128.33333333333334, 156.0]
[1.0, 1.0, 9.0, 1.0, 0.5499999999999999, 8.0, 85.79999999999998, 92.1, 92.54999999999998, 121.5, 156.0]
[1.0, 1.0, 9.0, 1.0, 0.6, 8.0, 93.6, 99.19999999999999, 99.6, 107.19999999999999, 156.0]
[1.0, 1.0, 9.0, 1.0, 0.65, 8.0, 101.4, 106.65, 106.65, 128.58333333333334, 156.0]
[1.0, 1.0, 9.0, 1.0, 0.7000000000000001, 8.0, 109.20000000000002, 120.30000000000001, 120.30000000000001, 139.4, 156.0]
[1.0, 1.0, 9.0, 1.0, 0.7500000000000001, 8.0, 117.00000000000001, 126.75, 126.25, 141.58333333333334, 156.0]
[1.0, 1.0, 9.0, 1.0, 0.8000000000000002, 8.0, 124.80000000000001, 132.60000000000002, 132.20000000000002, 141.6666666666667, 155.99999999999997]
[1.0, 1.0, 9.0, 1.0, 0.8500000000000002, 8.0, 132.60000000000002, 138.45000000000002, 138.15000000000003, 142.8, 156.0]
[1.0, 1.0, 9.0, 1.0, 0.9000000000000002, 8.0, 140.40000000000003, 144.3, 144.10000000000002, 148.36666666666667, 156.0]
[1.0, 1.0, 9.0, 1.0, 0.9500000000000003, 8.0, 148.20000000000005, 150.15000000000003, 150.05000000000004, 152.85000000000002, 156.0]
[1.0, 1.0, 10.0, 1.0, 0.1, 8.0, 17.6, 17.6, 17.6, 102.2, 176.0]
[1.0, 1.0, 10.0, 1.0, 0.15000000000000002, 8.0, 26.400000000000006, 26.400000000000006, 26.400000000000006, 130.95, 176.0]
[1.0, 1.0, 10.0, 1.0, 0.2, 8.0, 35.2, 35.2, 35.2, 110.66666666666667, 176.0]
[1.0, 1.0, 10.0, 1.0, 0.25, 8.0, 44.0, 44.0, 44.0, 119.75, 176.0]
[1.0, 1.0, 10.0, 1.0, 0.3, 8.0, 52.8, 52.8, 52.8, 128.16666666666666, 176.0]
[1.0, 1.0, 10.0, 1.0, 0.35, 8.0, 61.6, 61.6, 71.35, 86.3, 176.00000000000003]
[1.0, 1.0, 10.0, 1.0, 0.39999999999999997, 8.0, 70.39999999999999, 70.39999999999999, 79.39999999999999, 125.39999999999998, 176.0]
[1.0, 1.0, 10.0, 1.0, 0.44999999999999996, 8.0, 79.2, 87.45, 87.44999999999999, 128.15, 176.00000000000003]
[1.0, 1.0, 10.0, 1.0, 0.49999999999999994, 8.0, 87.99999999999999, 95.99999999999999, 95.5, 134.66666666666666, 176.0]
[1.0, 1.0, 10.0, 1.0, 0.5499999999999999, 8.0, 96.8, 104.0, 104.45, 130.4, 176.00000000000003]
[1.0, 1.0, 10.0, 1.0, 0.6, 8.0, 105.6, 112.0, 112.4, 134.66666666666666, 176.0]
[1.0, 1.0, 10.0, 1.0, 0.65, 8.0, 114.4, 120.35, 120.35, 131.20000000000002, 176.0]
[1.0, 1.0, 10.0, 1.0, 0.7000000000000001, 8.0, 123.2, 128.6, 135.8, 148.89999999999998, 176.0]
[1.0, 1.0, 10.0, 1.0, 0.7500000000000001, 8.0, 132.00000000000003, 143.0, 142.5, 165.91666666666666, 176.0]
[1.0, 1.0, 10.0, 1.0, 0.8000000000000002, 8.0, 140.80000000000004, 149.60000000000002, 149.20000000000005, 162.80000000000004, 176.00000000000003]
[1.0, 1.0, 10.0, 1.0, 0.8500000000000002, 8.0, 149.60000000000002, 156.20000000000005, 155.90000000000003, 165.6, 175.99999999999997]
[1.0, 1.0, 10.0, 1.0, 0.9000000000000002, 8.0, 158.40000000000003, 162.8, 162.60000000000002, 165.9666666666667, 176.0]
[1.0, 1.0, 10.0, 1.0, 0.9500000000000003, 8.0, 167.20000000000005, 169.40000000000003, 169.30000000000004, 170.38333333333335, 176.0]
[1.0, 1.0, 3.0, 1.0, 0.1, 9.0, 4.3, 4.3, 4.3, 29.8, 42.99999999999999]
[1.0, 1.0, 3.0, 1.0, 0.15000000000000002, 9.0, 6.450000000000001, 6.450000000000001, 6.450000000000001, 29.400000000000002, 43.0]
[1.0, 1.0, 3.0, 1.0, 0.2, 9.0, 8.6, 8.6, 8.6, 18.733333333333334, 42.99999999999999]
[1.0, 1.0, 3.0, 1.0, 0.25, 9.0, 10.75, 10.75, 10.75, 31.75, 43.0]
[1.0, 1.0, 3.0, 1.0, 0.3, 9.0, 12.9, 12.9, 12.9, 27.833333333333332, 43.0]
[1.0, 1.0, 3.0, 1.0, 0.35, 9.0, 15.049999999999997, 15.049999999999997, 15.049999999999997, 30.433333333333334, 42.99999999999999]
[1.0, 1.0, 3.0, 1.0, 0.39999999999999997, 9.0, 17.2, 17.2, 17.2, 31.8, 43.0]
[1.0, 1.0, 3.0, 1.0, 0.44999999999999996, 9.0, 19.349999999999998, 19.349999999999998, 19.349999999999998, 33.1, 43.0]
[1.0, 1.0, 3.0, 1.0, 0.49999999999999994, 9.0, 21.499999999999996, 21.499999999999996, 21.499999999999996, 29.666666666666668, 43.0]
[1.0, 1.0, 3.0, 1.0, 0.5499999999999999, 9.0, 23.65, 25.0, 27.699999999999996, 32.65, 43.0]
[1.0, 1.0, 3.0, 1.0, 0.6, 9.0, 25.8, 28.599999999999998, 29.400000000000002, 35.133333333333326, 43.0]
[1.0, 1.0, 3.0, 1.0, 0.65, 9.0, 27.95, 30.400000000000002, 31.1, 35.53333333333333, 43.0]
[1.0, 1.0, 3.0, 1.0, 0.7000000000000001, 9.0, 30.1, 32.5, 32.800000000000004, 33.699999999999996, 43.0]
[1.0, 1.0, 3.0, 1.0, 0.7500000000000001, 9.0, 32.25000000000001, 36.0, 34.5, 36.666666666666664, 43.0]
[1.0, 1.0, 3.0, 1.0, 0.8000000000000002, 9.0, 34.400000000000006, 37.400000000000006, 36.2, 38.6, 43.0]
[1.0, 1.0, 3.0, 1.0, 0.8500000000000002, 9.0, 36.550000000000004, 38.80000000000001, 37.900000000000006, 39.95000000000001, 42.99999999999999]
[1.0, 1.0, 3.0, 1.0, 0.9000000000000002, 9.0, 38.70000000000001, 40.20000000000001, 39.60000000000001, 41.1, 43.0]
[1.0, 1.0, 3.0, 1.0, 0.9500000000000003, 9.0, 40.85000000000001, 41.60000000000001, 41.300000000000004, 42.01666666666667, 42.99999999999999]
[1.0, 1.0, 4.0, 1.0, 0.1, 9.0, 6.8, 6.8, 6.8, 41.9, 68.0]
[1.0, 1.0, 4.0, 1.0, 0.15000000000000002, 9.0, 10.200000000000003, 10.200000000000003, 10.200000000000003, 37.96666666666667, 68.00000000000001]
[1.0, 1.0, 4.0, 1.0, 0.2, 9.0, 13.6, 13.6, 13.6, 47.73333333333333, 68.0]
[1.0, 1.0, 4.0, 1.0, 0.25, 9.0, 17.0, 17.0, 17.0, 44.0, 68.0]
[1.0, 1.0, 4.0, 1.0, 0.3, 9.0, 20.4, 20.4, 20.4, 50.5, 68.0]
[1.0, 1.0, 4.0, 1.0, 0.35, 9.0, 23.799999999999997, 23.799999999999997, 27.05, 46.76666666666667, 68.0]
[1.0, 1.0, 4.0, 1.0, 0.39999999999999997, 9.0, 27.2, 27.2, 30.199999999999996, 45.4, 68.0]
[1.0, 1.0, 4.0, 1.0, 0.44999999999999996, 9.0, 30.599999999999994, 36.099999999999994, 33.349999999999994, 52.783333333333324, 68.0]
[1.0, 1.0, 4.0, 1.0, 0.49999999999999994, 9.0, 33.99999999999999, 39.5, 36.5, 52.333333333333336, 68.0]
[1.0, 1.0, 4.0, 1.0, 0.5499999999999999, 9.0, 37.4, 42.349999999999994, 42.8, 55.699999999999996, 68.0]
[1.0, 1.0, 4.0, 1.0, 0.6, 9.0, 40.8, 45.2, 45.599999999999994, 53.6, 68.0]
[1.0, 1.0, 4.0, 1.0, 0.65, 9.0, 44.2, 48.400000000000006, 48.400000000000006, 48.98333333333333, 68.0]
[1.0, 1.0, 4.0, 1.0, 0.7000000000000001, 9.0, 47.6, 51.5, 53.900000000000006, 56.4, 68.0]
[1.0, 1.0, 4.0, 1.0, 0.7500000000000001, 9.0, 51.00000000000001, 56.75, 56.25000000000001, 61.166666666666664, 68.0]
[1.0, 1.0, 4.0, 1.0, 0.8000000000000002, 9.0, 54.40000000000001, 59.20000000000001, 58.60000000000001, 63.0, 68.0]
[1.0, 1.0, 4.0, 1.0, 0.8500000000000002, 9.0, 57.80000000000001, 61.400000000000006, 60.95000000000001, 64.3, 68.0]
[1.0, 1.0, 4.0, 1.0, 0.9000000000000002, 9.0, 61.20000000000001, 63.60000000000001, 63.30000000000001, 63.63333333333335, 67.99999999999999]
[1.0, 1.0, 4.0, 1.0, 0.9500000000000003, 9.0, 64.60000000000002, 65.80000000000001, 65.65000000000002, 66.60000000000001, 68.0]
[1.0, 1.0, 5.0, 1.0, 0.1, 9.0, 9.3, 9.3, 9.3, 62.69999999999999, 93.0]
[1.0, 1.0, 5.0, 1.0, 0.15000000000000002, 9.0, 13.950000000000003, 13.950000000000003, 13.950000000000003, 53.61666666666667, 93.0]
[1.0, 1.0, 5.0, 1.0, 0.2, 9.0, 18.6, 18.6, 18.6, 49.800000000000004, 93.0]
[1.0, 1.0, 5.0, 1.0, 0.25, 9.0, 23.25, 23.25, 23.25, 53.0, 93.0]
[1.0, 1.0, 5.0, 1.0, 0.3, 9.0, 27.9, 27.9, 27.9, 71.76666666666667, 93.0]
[1.0, 1.0, 5.0, 1.0, 0.35, 9.0, 32.55, 32.55, 37.75, 51.61666666666667, 93.0]
[1.0, 1.0, 5.0, 1.0, 0.39999999999999997, 9.0, 37.199999999999996, 40.199999999999996, 42.0, 70.0, 93.0]
[1.0, 1.0, 5.0, 1.0, 0.44999999999999996, 9.0, 41.849999999999994, 45.14999999999999, 46.25, 58.533333333333324, 93.0]
[1.0, 1.0, 5.0, 1.0, 0.49999999999999994, 9.0, 46.49999999999999, 53.99999999999999, 50.49999999999999, 72.16666666666667, 93.0]
[1.0, 1.0, 5.0, 1.0, 0.5499999999999999, 9.0, 51.15, 58.35, 58.35, 75.89999999999999, 93.00000000000001]
[1.0, 1.0, 5.0, 1.0, 0.6, 9.0, 55.8, 62.2, 62.2, 68.86666666666666, 93.0]
[1.0, 1.0, 5.0, 1.0, 0.65, 9.0, 60.45, 66.05, 66.05, 77.25, 93.0]
[1.0, 1.0, 5.0, 1.0, 0.7000000000000001, 9.0, 65.10000000000001, 70.50000000000001, 73.8, 72.0, 93.0]
[1.0, 1.0, 5.0, 1.0, 0.7500000000000001, 9.0, 69.75000000000001, 74.5, 77.0, 84.0, 93.0]
[1.0, 1.0, 5.0, 1.0, 0.8000000000000002, 9.0, 74.40000000000002, 81.00000000000001, 80.2, 85.93333333333334, 93.0]
[1.0, 1.0, 5.0, 1.0, 0.8500000000000002, 9.0, 79.05000000000003, 84.00000000000001, 83.40000000000002, 86.80000000000001, 93.00000000000001]
[1.0, 1.0, 5.0, 1.0, 0.9000000000000002, 9.0, 83.70000000000002, 87.00000000000003, 86.60000000000002, 89.83333333333333, 93.0]
[1.0, 1.0, 5.0, 1.0, 0.9500000000000003, 9.0, 88.35000000000002, 90.00000000000003, 89.80000000000001, 90.5166666666667, 93.0]
[1.0, 1.0, 6.0, 1.0, 0.1, 9.0, 11.8, 11.8, 11.8, 61.9, 118.0]
[1.0, 1.0, 6.0, 1.0, 0.15000000000000002, 9.0, 17.700000000000003, 17.700000000000003, 17.700000000000003, 73.51666666666667, 118.0]
[1.0, 1.0, 6.0, 1.0, 0.2, 9.0, 23.6, 23.6, 23.6, 72.66666666666666, 118.0]
[1.0, 1.0, 6.0, 1.0, 0.25, 9.0, 29.5, 29.5, 29.5, 71.75, 118.0]
[1.0, 1.0, 6.0, 1.0, 0.3, 9.0, 35.4, 35.4, 35.4, 78.33333333333333, 118.0]
[1.0, 1.0, 6.0, 1.0, 0.35, 9.0, 41.3, 45.2, 53.0, 98.06666666666668, 118.0]
[1.0, 1.0, 6.0, 1.0, 0.39999999999999997, 9.0, 47.199999999999996, 51.39999999999999, 58.0, 98.39999999999999, 118.0]
[1.0, 1.0, 6.0, 1.0, 0.44999999999999996, 9.0, 53.099999999999994, 57.5, 63.0, 78.76666666666667, 118.0]
[1.0, 1.0, 6.0, 1.0, 0.49999999999999994, 9.0, 58.99999999999999, 63.0, 68.0, 88.16666666666667, 118.0]
[1.0, 1.0, 6.0, 1.0, 0.5499999999999999, 9.0, 64.89999999999999, 74.35, 73.9, 89.8, 118.0]
[1.0, 1.0, 6.0, 1.0, 0.6, 9.0, 70.8, 79.2, 78.8, 89.06666666666666, 118.0]
[1.0, 1.0, 6.0, 1.0, 0.65, 9.0, 76.7, 84.05, 83.7, 91.28333333333335, 118.0]
[1.0, 1.0, 6.0, 1.0, 0.7000000000000001, 9.0, 82.60000000000001, 89.5, 94.30000000000001, 106.10000000000001, 118.0]
[1.0, 1.0, 6.0, 1.0, 0.7500000000000001, 9.0, 88.50000000000001, 94.50000000000001, 98.25000000000001, 97.91666666666667, 118.0]
[1.0, 1.0, 6.0, 1.0, 0.8000000000000002, 9.0, 94.40000000000002, 102.80000000000001, 102.20000000000002, 108.06666666666668, 118.0]
[1.0, 1.0, 6.0, 1.0, 0.8500000000000002, 9.0, 100.30000000000003, 106.60000000000001, 106.15, 108.35000000000001, 118.0]
[1.0, 1.0, 6.0, 1.0, 0.9000000000000002, 9.0, 106.20000000000002, 110.4, 110.10000000000002, 114.00000000000001, 117.99999999999999]
[1.0, 1.0, 6.0, 1.0, 0.9500000000000003, 9.0, 112.10000000000004, 114.20000000000002, 114.05000000000003, 113.93333333333335, 118.0]
[1.0, 1.0, 7.0, 1.0, 0.1, 9.0, 14.3, 14.3, 14.3, 82.10000000000001, 143.0]
[1.0, 1.0, 7.0, 1.0, 0.15000000000000002, 9.0, 21.450000000000006, 21.450000000000006, 21.450000000000006, 77.83333333333333, 143.00000000000003]
[1.0, 1.0, 7.0, 1.0, 0.2, 9.0, 28.6, 28.6, 28.6, 56.333333333333336, 143.0]
[1.0, 1.0, 7.0, 1.0, 0.25, 9.0, 35.75, 35.75, 35.75, 82.0, 143.0]
[1.0, 1.0, 7.0, 1.0, 0.3, 9.0, 42.900000000000006, 48.5, 42.900000000000006, 66.46666666666665, 143.00000000000003]
[1.0, 1.0, 7.0, 1.0, 0.35, 9.0, 50.05, 55.25, 55.900000000000006, 109.2, 143.0]
[1.0, 1.0, 7.0, 1.0, 0.39999999999999997, 9.0, 57.199999999999996, 62.599999999999994, 62.599999999999994, 104.39999999999999, 143.0]
[1.0, 1.0, 7.0, 1.0, 0.44999999999999996, 9.0, 64.35, 69.85, 69.3, 92.58333333333333, 143.0]
[1.0, 1.0, 7.0, 1.0, 0.49999999999999994, 9.0, 71.49999999999999, 76.49999999999999, 76.0, 84.0, 143.0]
[1.0, 1.0, 7.0, 1.0, 0.5499999999999999, 9.0, 78.64999999999999, 90.35, 83.59999999999998, 114.8, 143.0]
[1.0, 1.0, 7.0, 1.0, 0.6, 9.0, 85.80000000000001, 96.2, 90.2, 123.26666666666667, 143.00000000000003]
[1.0, 1.0, 7.0, 1.0, 0.65, 9.0, 92.94999999999999, 102.05, 96.8, 114.53333333333335, 142.99999999999997]
[1.0, 1.0, 7.0, 1.0, 0.7000000000000001, 9.0, 100.10000000000001, 108.50000000000001, 108.20000000000002, 130.20000000000002, 143.0]
[1.0, 1.0, 7.0, 1.0, 0.7500000000000001, 9.0, 107.25000000000001, 114.50000000000001, 114.00000000000001, 124.83333333333333, 143.0]
[1.0, 1.0, 7.0, 1.0, 0.8000000000000002, 9.0, 114.40000000000003, 124.60000000000002, 119.80000000000003, 129.26666666666668, 143.00000000000003]
[1.0, 1.0, 7.0, 1.0, 0.8500000000000002, 9.0, 121.55000000000003, 129.20000000000002, 125.60000000000002, 125.55000000000001, 143.0]
[1.0, 1.0, 7.0, 1.0, 0.9000000000000002, 9.0, 128.70000000000005, 133.80000000000004, 131.40000000000003, 138.33333333333334, 143.0]
[1.0, 1.0, 7.0, 1.0, 0.9500000000000003, 9.0, 135.85000000000005, 138.40000000000003, 137.20000000000005, 139.1666666666667, 143.0]
[1.0, 1.0, 8.0, 1.0, 0.1, 9.0, 16.8, 16.8, 16.8, 101.39999999999999, 168.0]
[1.0, 1.0, 8.0, 1.0, 0.15000000000000002, 9.0, 25.2, 25.2, 25.2, 113.03333333333335, 167.99999999999997]
[1.0, 1.0, 8.0, 1.0, 0.2, 9.0, 33.6, 33.6, 33.6, 122.66666666666667, 168.0]
[1.0, 1.0, 8.0, 1.0, 0.25, 9.0, 42.0, 42.0, 42.0, 87.75, 168.0]
[1.0, 1.0, 8.0, 1.0, 0.3, 9.0, 50.4, 56.7, 56.7, 118.76666666666667, 168.0]
[1.0, 1.0, 8.0, 1.0, 0.35, 9.0, 58.8, 65.30000000000001, 65.95, 109.28333333333335, 168.0]
[1.0, 1.0, 8.0, 1.0, 0.39999999999999997, 9.0, 67.2, 73.19999999999999, 73.8, 118.2, 168.00000000000003]
[1.0, 1.0, 8.0, 1.0, 0.44999999999999996, 9.0, 75.6, 82.19999999999999, 81.65, 133.71666666666667, 168.0]
[1.0, 1.0, 8.0, 1.0, 0.49999999999999994, 9.0, 83.99999999999999, 89.99999999999999, 89.5, 101.0, 168.0]
[1.0, 1.0, 8.0, 1.0, 0.5499999999999999, 9.0, 92.39999999999999, 106.34999999999998, 105.89999999999998, 128.25, 168.0]
[1.0, 1.0, 8.0, 1.0, 0.6, 9.0, 100.8, 113.2, 112.8, 124.13333333333333, 168.0]
[1.0, 1.0, 8.0, 1.0, 0.65, 9.0, 109.2, 120.05, 119.7, 137.66666666666666, 168.0]
[1.0, 1.0, 8.0, 1.0, 0.7000000000000001, 9.0, 117.60000000000001, 127.20000000000002, 127.20000000000002, 140.70000000000002, 168.0]
[1.0, 1.0, 8.0, 1.0, 0.7500000000000001, 9.0, 126.00000000000001, 134.5, 134.0, 142.75, 168.0]
[1.0, 1.0, 8.0, 1.0, 0.8000000000000002, 9.0, 134.40000000000003, 146.4, 145.8, 159.20000000000002, 168.0]
[1.0, 1.0, 8.0, 1.0, 0.8500000000000002, 9.0, 142.80000000000004, 151.80000000000004, 151.35000000000002, 154.50000000000003, 168.0]
[1.0, 1.0, 8.0, 1.0, 0.9000000000000002, 9.0, 151.20000000000002, 157.20000000000005, 156.90000000000003, 160.7666666666667, 167.99999999999997]
[1.0, 1.0, 8.0, 1.0, 0.9500000000000003, 9.0, 159.60000000000005, 162.60000000000002, 162.45000000000005, 165.01666666666668, 168.0]
[1.0, 1.0, 9.0, 1.0, 0.1, 9.0, 19.3, 19.3, 19.3, 128.5, 193.0]
[1.0, 1.0, 9.0, 1.0, 0.15000000000000002, 9.0, 28.950000000000003, 28.950000000000003, 28.950000000000003, 92.98333333333335, 193.0]
[1.0, 1.0, 9.0, 1.0, 0.2, 9.0, 38.6, 38.6, 38.6, 85.80000000000001, 193.0]
[1.0, 1.0, 9.0, 1.0, 0.25, 9.0, 48.25, 48.25, 48.25, 106.5, 193.0]
[1.0, 1.0, 9.0, 1.0, 0.3, 9.0, 57.9, 65.6, 65.6, 112.26666666666665, 193.0]
[1.0, 1.0, 9.0, 1.0, 0.35, 9.0, 67.55, 75.35, 76.0, 130.6, 193.0]
[1.0, 1.0, 9.0, 1.0, 0.39999999999999997, 9.0, 77.19999999999999, 84.39999999999999, 84.99999999999999, 124.39999999999998, 193.0]
[1.0, 1.0, 9.0, 1.0, 0.44999999999999996, 9.0, 86.85, 94.0, 94.0, 164.95000000000002, 193.0]
[1.0, 1.0, 9.0, 1.0, 0.49999999999999994, 9.0, 96.49999999999999, 103.49999999999999, 102.99999999999999, 153.5, 193.0]
[1.0, 1.0, 9.0, 1.0, 0.5499999999999999, 9.0, 106.14999999999998, 121.89999999999998, 121.89999999999998, 166.6, 192.99999999999997]
[1.0, 1.0, 9.0, 1.0, 0.6, 9.0, 115.8, 130.2, 129.79999999999998, 141.13333333333333, 193.0]
[1.0, 1.0, 9.0, 1.0, 0.65, 9.0, 125.45, 138.05, 137.70000000000002, 158.23333333333332, 193.0]
[1.0, 1.0, 9.0, 1.0, 0.7000000000000001, 9.0, 135.10000000000002, 146.20000000000002, 146.20000000000002, 164.6, 193.0]
[1.0, 1.0, 9.0, 1.0, 0.7500000000000001, 9.0, 144.75000000000003, 154.5, 154.0, 159.25, 193.0]
[1.0, 1.0, 9.0, 1.0, 0.8000000000000002, 9.0, 154.4, 168.20000000000002, 167.60000000000002, 177.26666666666665, 192.99999999999997]
[1.0, 1.0, 9.0, 1.0, 0.8500000000000002, 9.0, 164.05000000000004, 174.40000000000003, 173.95000000000005, 177.55000000000004, 193.0]
[1.0, 1.0, 9.0, 1.0, 0.9000000000000002, 9.0, 173.70000000000005, 180.60000000000002, 180.30000000000004, 185.0, 193.0]
[1.0, 1.0, 9.0, 1.0, 0.9500000000000003, 9.0, 183.35000000000005, 186.80000000000004, 186.65000000000003, 190.03333333333333, 193.0]
[1.0, 1.0, 10.0, 1.0, 0.1, 9.0, 21.8, 21.8, 21.8, 120.5, 218.0]
[1.0, 1.0, 10.0, 1.0, 0.15000000000000002, 9.0, 32.7, 32.7, 32.7, 106.93333333333334, 218.0]
[1.0, 1.0, 10.0, 1.0, 0.2, 9.0, 43.6, 43.6, 43.6, 151.33333333333334, 218.0]
[1.0, 1.0, 10.0, 1.0, 0.25, 9.0, 54.5, 54.5, 54.5, 148.0, 218.0]
[1.0, 1.0, 10.0, 1.0, 0.3, 9.0, 65.39999999999999, 65.39999999999999, 74.5, 134.70000000000002, 217.99999999999997]
[1.0, 1.0, 10.0, 1.0, 0.35, 9.0, 76.3, 85.4, 86.05, 159.06666666666666, 218.0]
[1.0, 1.0, 10.0, 1.0, 0.39999999999999997, 9.0, 87.19999999999999, 95.6, 96.19999999999999, 159.6, 218.0]
[1.0, 1.0, 10.0, 1.0, 0.44999999999999996, 9.0, 98.1, 106.35, 106.35, 179.86666666666667, 218.0]
[1.0, 1.0, 10.0, 1.0, 0.49999999999999994, 9.0, 108.99999999999999, 116.99999999999999, 116.5, 153.16666666666666, 218.0]
[1.0, 1.0, 10.0, 1.0, 0.5499999999999999, 9.0, 119.89999999999999, 137.9, 137.9, 173.29999999999998, 218.0]
[1.0, 1.0, 10.0, 1.0, 0.6, 9.0, 130.79999999999998, 147.2, 146.8, 179.46666666666667, 217.99999999999997]
[1.0, 1.0, 10.0, 1.0, 0.65, 9.0, 141.70000000000002, 156.05, 155.7, 175.0666666666667, 218.00000000000003]
[1.0, 1.0, 10.0, 1.0, 0.7000000000000001, 9.0, 152.6, 165.20000000000002, 165.20000000000002, 184.29999999999998, 217.99999999999997]
[1.0, 1.0, 10.0, 1.0, 0.7500000000000001, 9.0, 163.50000000000003, 174.5, 174.0, 173.66666666666666, 218.0]
[1.0, 1.0, 10.0, 1.0, 0.8000000000000002, 9.0, 174.40000000000003, 190.00000000000006, 189.40000000000003, 205.79999999999998, 218.0]
[1.0, 1.0, 10.0, 1.0, 0.8500000000000002, 9.0, 185.30000000000004, 197.00000000000003, 196.55000000000004, 199.4, 218.0]
[1.0, 1.0, 10.0, 1.0, 0.9000000000000002, 9.0, 196.20000000000005, 204.00000000000003, 203.70000000000005, 204.13333333333335, 218.0]
[1.0, 1.0, 10.0, 1.0, 0.9500000000000003, 9.0, 207.10000000000005, 211.00000000000003, 210.85000000000005, 210.95000000000005, 218.0]
[1.0, 1.0, 3.0, 1.0, 0.1, 11.0, 5.8, 5.8, 5.8, 27.099999999999998, 57.99999999999999]
[1.0, 1.0, 3.0, 1.0, 0.15000000000000002, 11.0, 8.700000000000003, 8.700000000000003, 8.700000000000003, 29.383333333333336, 58.00000000000001]
[1.0, 1.0, 3.0, 1.0, 0.2, 11.0, 11.6, 11.6, 11.6, 42.26666666666667, 57.99999999999999]
[1.0, 1.0, 3.0, 1.0, 0.25, 11.0, 14.5, 14.5, 14.5, 34.0, 58.0]
[1.0, 1.0, 3.0, 1.0, 0.3, 11.0, 17.4, 17.4, 17.4, 39.1, 58.0]
[1.0, 1.0, 3.0, 1.0, 0.35, 11.0, 20.299999999999997, 20.299999999999997, 20.299999999999997, 33.083333333333336, 57.99999999999999]
[1.0, 1.0, 3.0, 1.0, 0.39999999999999997, 11.0, 23.2, 26.799999999999997, 23.2, 40.4, 58.0]
[1.0, 1.0, 3.0, 1.0, 0.44999999999999996, 11.0, 26.099999999999994, 30.5, 26.099999999999994, 43.88333333333333, 57.99999999999999]
[1.0, 1.0, 3.0, 1.0, 0.49999999999999994, 11.0, 28.999999999999996, 33.0, 28.999999999999996, 49.5, 58.0]
[1.0, 1.0, 3.0, 1.0, 0.5499999999999999, 11.0, 31.9, 35.49999999999999, 35.949999999999996, 42.4, 58.00000000000001]
[1.0, 1.0, 3.0, 1.0, 0.6, 11.0, 34.8, 39.2, 38.4, 49.46666666666666, 58.0]
[1.0, 1.0, 3.0, 1.0, 0.65, 11.0, 37.7, 41.9, 40.85, 47.38333333333333, 58.0]
[1.0, 1.0, 3.0, 1.0, 0.7000000000000001, 11.0, 40.6, 44.5, 43.300000000000004, 46.29999999999999, 58.0]
[1.0, 1.0, 3.0, 1.0, 0.7500000000000001, 11.0, 43.50000000000001, 48.75, 45.75, 48.833333333333336, 58.0]
[1.0, 1.0, 3.0, 1.0, 0.8000000000000002, 11.0, 46.400000000000006, 50.800000000000004, 48.2, 50.6, 57.99999999999999]
[1.0, 1.0, 3.0, 1.0, 0.8500000000000002, 11.0, 49.30000000000001, 52.600000000000016, 50.65000000000001, 54.50000000000001, 58.0]
[1.0, 1.0, 3.0, 1.0, 0.9000000000000002, 11.0, 52.20000000000002, 54.40000000000001, 53.100000000000016, 56.0, 58.0]
[1.0, 1.0, 3.0, 1.0, 0.9500000000000003, 11.0, 55.100000000000016, 56.20000000000001, 55.550000000000004, 56.76666666666667, 58.0]
[1.0, 1.0, 4.0, 1.0, 0.1, 11.0, 9.4, 9.4, 9.4, 49.9, 94.0]
[1.0, 1.0, 4.0, 1.0, 0.15000000000000002, 11.0, 14.100000000000005, 14.100000000000005, 14.100000000000005, 32.800000000000004, 94.00000000000001]
[1.0, 1.0, 4.0, 1.0, 0.2, 11.0, 18.8, 18.8, 18.8, 67.86666666666666, 94.0]
[1.0, 1.0, 4.0, 1.0, 0.25, 11.0, 23.5, 23.5, 23.5, 52.5, 94.0]
[1.0, 1.0, 4.0, 1.0, 0.3, 11.0, 28.2, 28.2, 28.2, 50.36666666666667, 94.0]
[1.0, 1.0, 4.0, 1.0, 0.35, 11.0, 32.9, 35.5, 40.699999999999996, 62.15, 94.0]
[1.0, 1.0, 4.0, 1.0, 0.39999999999999997, 11.0, 37.6, 42.99999999999999, 44.8, 52.400000000000006, 94.00000000000001]
[1.0, 1.0, 4.0, 1.0, 0.44999999999999996, 11.0, 42.29999999999999, 47.79999999999999, 48.89999999999999, 80.43333333333334, 93.99999999999999]
[1.0, 1.0, 4.0, 1.0, 0.49999999999999994, 11.0, 46.99999999999999, 52.5, 53.0, 70.0, 94.0]
[1.0, 1.0, 4.0, 1.0, 0.5499999999999999, 11.0, 51.7, 60.69999999999999, 60.24999999999999, 77.35, 94.00000000000001]
[1.0, 1.0, 4.0, 1.0, 0.6, 11.0, 56.4, 64.39999999999999, 63.99999999999999, 78.66666666666667, 94.0]
[1.0, 1.0, 4.0, 1.0, 0.65, 11.0, 61.1, 68.10000000000001, 67.75, 72.53333333333335, 94.0]
[1.0, 1.0, 4.0, 1.0, 0.7000000000000001, 11.0, 65.8, 72.4, 75.4, 81.1, 93.99999999999999]
[1.0, 1.0, 4.0, 1.0, 0.7500000000000001, 11.0, 70.50000000000001, 76.25, 78.5, 82.16666666666667, 94.0]
[1.0, 1.0, 4.0, 1.0, 0.8000000000000002, 11.0, 75.20000000000002, 82.40000000000002, 81.60000000000001, 87.80000000000001, 94.0]
[1.0, 1.0, 4.0, 1.0, 0.8500000000000002, 11.0, 79.90000000000002, 85.30000000000001, 84.70000000000002, 86.50000000000001, 94.0]
[1.0, 1.0, 4.0, 1.0, 0.9000000000000002, 11.0, 84.60000000000002, 88.20000000000002, 87.80000000000001, 90.0, 94.0]
[1.0, 1.0, 4.0, 1.0, 0.9500000000000003, 11.0, 89.30000000000004, 91.10000000000002, 90.90000000000002, 91.60000000000001, 94.00000000000001]
[1.0, 1.0, 5.0, 1.0, 0.1, 11.0, 13.0, 13.0, 13.0, 88.3, 130.0]
[1.0, 1.0, 5.0, 1.0, 0.15000000000000002, 11.0, 19.500000000000004, 19.500000000000004, 19.500000000000004, 56.61666666666667, 130.0]
[1.0, 1.0, 5.0, 1.0, 0.2, 11.0, 26.0, 26.0, 26.0, 80.39999999999999, 130.0]
[1.0, 1.0, 5.0, 1.0, 0.25, 11.0, 32.5, 32.5, 32.5, 74.0, 130.0]
[1.0, 1.0, 5.0, 1.0, 0.3, 11.0, 39.0, 39.0, 43.199999999999996, 75.63333333333334, 130.0]
[1.0, 1.0, 5.0, 1.0, 0.35, 11.0, 45.5, 53.3, 50.7, 87.96666666666665, 130.0]
[1.0, 1.0, 5.0, 1.0, 0.39999999999999997, 11.0, 51.99999999999999, 59.8, 56.8, 96.60000000000001, 130.0]
[1.0, 1.0, 5.0, 1.0, 0.44999999999999996, 11.0, 58.49999999999999, 66.75, 62.9, 88.75, 130.0]
[1.0, 1.0, 5.0, 1.0, 0.49999999999999994, 11.0, 64.99999999999999, 72.49999999999999, 68.99999999999999, 92.5, 130.0]
[1.0, 1.0, 5.0, 1.0, 0.5499999999999999, 11.0, 71.5, 78.7, 83.64999999999999, 104.94999999999999, 130.00000000000003]
[1.0, 1.0, 5.0, 1.0, 0.6, 11.0, 78.0, 89.6, 88.8, 104.13333333333333, 130.0]
[1.0, 1.0, 5.0, 1.0, 0.65, 11.0, 84.5, 94.65, 93.95, 109.93333333333334, 130.0]
[1.0, 1.0, 5.0, 1.0, 0.7000000000000001, 11.0, 91.00000000000001, 100.0, 99.7, 114.5, 130.0]
[1.0, 1.0, 5.0, 1.0, 0.7500000000000001, 11.0, 97.50000000000001, 105.5, 104.75, 113.91666666666667, 130.0]
[1.0, 1.0, 5.0, 1.0, 0.8000000000000002, 11.0, 104.00000000000003, 113.80000000000001, 113.0, 116.46666666666668, 130.0]
[1.0, 1.0, 5.0, 1.0, 0.8500000000000002, 11.0, 110.50000000000003, 118.00000000000001, 117.25000000000003, 120.30000000000001, 130.0]
[1.0, 1.0, 5.0, 1.0, 0.9000000000000002, 11.0, 117.00000000000003, 122.00000000000003, 121.50000000000003, 124.90000000000002, 130.0]
[1.0, 1.0, 5.0, 1.0, 0.9500000000000003, 11.0, 123.50000000000003, 126.00000000000003, 125.75000000000001, 124.73333333333336, 130.0]
[1.0, 1.0, 6.0, 1.0, 0.1, 11.0, 16.6, 16.6, 16.6, 98.5, 166.0]
[1.0, 1.0, 6.0, 1.0, 0.15000000000000002, 11.0, 24.900000000000006, 24.900000000000006, 24.900000000000006, 118.96666666666665, 166.0]
[1.0, 1.0, 6.0, 1.0, 0.2, 11.0, 33.2, 33.2, 33.2, 65.73333333333333, 166.0]
[1.0, 1.0, 6.0, 1.0, 0.25, 11.0, 41.5, 41.5, 41.5, 102.75, 166.0]
[1.0, 1.0, 6.0, 1.0, 0.3, 11.0, 49.8, 49.8, 56.1, 91.8, 166.0]
[1.0, 1.0, 6.0, 1.0, 0.35, 11.0, 58.1, 68.5, 69.8, 118.98333333333335, 166.00000000000003]
[1.0, 1.0, 6.0, 1.0, 0.39999999999999997, 11.0, 66.39999999999999, 76.6, 77.19999999999999, 90.8, 166.0]
[1.0, 1.0, 6.0, 1.0, 0.44999999999999996, 11.0, 74.69999999999999, 84.60000000000001, 84.60000000000001, 112.64999999999999, 166.0]
[1.0, 1.0, 6.0, 1.0, 0.49999999999999994, 11.0, 82.99999999999999, 93.0, 92.0, 146.83333333333334, 166.0]
[1.0, 1.0, 6.0, 1.0, 0.5499999999999999, 11.0, 91.29999999999998, 100.74999999999999, 107.05, 127.59999999999998, 166.0]
[1.0, 1.0, 6.0, 1.0, 0.6, 11.0, 99.6, 114.8, 113.60000000000001, 128.66666666666666, 166.0]
[1.0, 1.0, 6.0, 1.0, 0.65, 11.0, 107.9, 121.2, 120.14999999999999, 134.26666666666665, 166.0]
[1.0, 1.0, 6.0, 1.0, 0.7000000000000001, 11.0, 116.20000000000002, 127.89999999999999, 127.90000000000002, 129.0, 166.0]
[1.0, 1.0, 6.0, 1.0, 0.7500000000000001, 11.0, 124.50000000000001, 134.75000000000003, 134.25000000000003, 150.91666666666666, 166.0]
[1.0, 1.0, 6.0, 1.0, 0.8000000000000002, 11.0, 132.80000000000004, 141.20000000000002, 144.8, 147.20000000000002, 166.00000000000003]
[1.0, 1.0, 6.0, 1.0, 0.8500000000000002, 11.0, 141.10000000000002, 150.70000000000002, 150.10000000000002, 161.20000000000002, 166.0]
[1.0, 1.0, 6.0, 1.0, 0.9000000000000002, 11.0, 149.40000000000003, 155.8, 155.40000000000003, 156.5666666666667, 166.0]
[1.0, 1.0, 6.0, 1.0, 0.9500000000000003, 11.0, 157.70000000000007, 160.90000000000003, 160.70000000000002, 162.20000000000002, 166.00000000000003]
[1.0, 1.0, 7.0, 1.0, 0.1, 11.0, 20.2, 20.2, 20.2, 137.79999999999998, 201.99999999999997]
[1.0, 1.0, 7.0, 1.0, 0.15000000000000002, 11.0, 30.300000000000008, 30.300000000000008, 30.300000000000008, 94.33333333333333, 202.00000000000003]
[1.0, 1.0, 7.0, 1.0, 0.2, 11.0, 40.4, 40.4, 40.4, 92.93333333333334, 201.99999999999997]
[1.0, 1.0, 7.0, 1.0, 0.25, 11.0, 50.5, 50.5, 50.5, 136.5, 202.0]
[1.0, 1.0, 7.0, 1.0, 0.3, 11.0, 60.60000000000001, 66.2, 69.0, 154.16666666666666, 202.00000000000003]
[1.0, 1.0, 7.0, 1.0, 0.35, 11.0, 70.7, 75.9, 85.0, 139.38333333333333, 202.00000000000003]
[1.0, 1.0, 7.0, 1.0, 0.39999999999999997, 11.0, 80.8, 94.0, 94.0, 146.19999999999996, 202.0]
[1.0, 1.0, 7.0, 1.0, 0.44999999999999996, 11.0, 90.9, 103.54999999999998, 102.99999999999997, 135.08333333333334, 202.00000000000003]
[1.0, 1.0, 7.0, 1.0, 0.49999999999999994, 11.0, 100.99999999999999, 113.0, 112.0, 153.66666666666666, 202.0]
[1.0, 1.0, 7.0, 1.0, 0.5499999999999999, 11.0, 111.09999999999998, 122.79999999999998, 130.45, 149.5, 202.0]
[1.0, 1.0, 7.0, 1.0, 0.6, 11.0, 121.20000000000002, 139.59999999999997, 138.4, 166.8, 202.00000000000003]
[1.0, 1.0, 7.0, 1.0, 0.65, 11.0, 131.29999999999998, 147.75000000000003, 146.35, 158.36666666666667, 201.99999999999997]
[1.0, 1.0, 7.0, 1.0, 0.7000000000000001, 11.0, 141.4, 155.8, 155.5, 177.29999999999998, 202.0]
[1.0, 1.0, 7.0, 1.0, 0.7500000000000001, 11.0, 151.50000000000003, 164.00000000000003, 163.25000000000003, 185.83333333333334, 202.0]
[1.0, 1.0, 7.0, 1.0, 0.8000000000000002, 11.0, 161.60000000000002, 171.8, 176.20000000000002, 181.80000000000004, 202.0]
[1.0, 1.0, 7.0, 1.0, 0.8500000000000002, 11.0, 171.70000000000005, 183.40000000000003, 182.65000000000003, 194.9, 202.0]
[1.0, 1.0, 7.0, 1.0, 0.9000000000000002, 11.0, 181.80000000000007, 189.60000000000005, 189.10000000000002, 191.6666666666667, 202.00000000000003]
[1.0, 1.0, 7.0, 1.0, 0.9500000000000003, 11.0, 191.90000000000006, 195.80000000000004, 195.55000000000004, 197.51666666666668, 202.0]
[1.0, 1.0, 8.0, 1.0, 0.1, 11.0, 23.8, 23.8, 23.8, 85.3, 238.0]
[1.0, 1.0, 8.0, 1.0, 0.15000000000000002, 11.0, 35.7, 35.7, 35.7, 123.25, 237.99999999999997]
[1.0, 1.0, 8.0, 1.0, 0.2, 11.0, 47.6, 47.6, 47.6, 178.5333333333333, 238.0]
[1.0, 1.0, 8.0, 1.0, 0.25, 11.0, 59.5, 59.5, 59.5, 152.0, 238.0]
[1.0, 1.0, 8.0, 1.0, 0.3, 11.0, 71.4, 77.7, 88.2, 177.79999999999998, 238.00000000000003]
[1.0, 1.0, 8.0, 1.0, 0.35, 11.0, 83.3, 89.80000000000001, 100.19999999999999, 196.4, 238.0]
[1.0, 1.0, 8.0, 1.0, 0.39999999999999997, 11.0, 95.2, 110.8, 110.8, 163.0, 238.00000000000003]
[1.0, 1.0, 8.0, 1.0, 0.44999999999999996, 11.0, 107.1, 122.49999999999999, 121.39999999999998, 195.83333333333334, 238.0]
[1.0, 1.0, 8.0, 1.0, 0.49999999999999994, 11.0, 118.99999999999999, 133.5, 132.0, 181.5, 238.0]
[1.0, 1.0, 8.0, 1.0, 0.5499999999999999, 11.0, 130.89999999999998, 144.84999999999997, 154.74999999999997, 170.49999999999997, 238.0]
[1.0, 1.0, 8.0, 1.0, 0.6, 11.0, 142.8, 155.20000000000002, 164.0, 200.26666666666665, 238.00000000000003]
[1.0, 1.0, 8.0, 1.0, 0.65, 11.0, 154.7, 174.3, 173.25, 198.1, 237.99999999999997]
[1.0, 1.0, 8.0, 1.0, 0.7000000000000001, 11.0, 166.6, 183.7, 183.10000000000002, 223.1, 237.99999999999997]
[1.0, 1.0, 8.0, 1.0, 0.7500000000000001, 11.0, 178.50000000000003, 193.0, 192.25, 199.0, 238.0]
[1.0, 1.0, 8.0, 1.0, 0.8000000000000002, 11.0, 190.40000000000003, 202.4, 208.00000000000003, 215.26666666666674, 238.0]
[1.0, 1.0, 8.0, 1.0, 0.8500000000000002, 11.0, 202.30000000000007, 216.10000000000005, 215.50000000000003, 228.85000000000002, 238.00000000000003]
[1.0, 1.0, 8.0, 1.0, 0.9000000000000002, 11.0, 214.20000000000005, 223.40000000000006, 223.00000000000006, 225.0, 238.0]
[1.0, 1.0, 8.0, 1.0, 0.9500000000000003, 11.0, 226.10000000000008, 230.70000000000005, 230.50000000000006, 232.6166666666667, 238.0]
[1.0, 1.0, 9.0, 1.0, 0.1, 11.0, 27.4, 27.4, 27.4, 167.20000000000002, 273.99999999999994]
[1.0, 1.0, 9.0, 1.0, 0.15000000000000002, 11.0, 41.1, 41.1, 41.1, 153.29999999999998, 273.99999999999994]
[1.0, 1.0, 9.0, 1.0, 0.2, 11.0, 54.8, 54.8, 54.8, 134.79999999999998, 273.99999999999994]
[1.0, 1.0, 9.0, 1.0, 0.25, 11.0, 68.5, 76.0, 68.5, 170.5, 274.0]
[1.0, 1.0, 9.0, 1.0, 0.3, 11.0, 82.2, 89.89999999999999, 89.89999999999999, 172.5, 274.0]
[1.0, 1.0, 9.0, 1.0, 0.35, 11.0, 95.9, 103.69999999999999, 104.35, 156.35, 274.00000000000006]
[1.0, 1.0, 9.0, 1.0, 0.39999999999999997, 11.0, 109.59999999999998, 116.79999999999998, 117.39999999999998, 153.4, 274.0]
[1.0, 1.0, 9.0, 1.0, 0.44999999999999996, 11.0, 123.3, 141.45, 130.45, 183.4333333333333, 274.0]
[1.0, 1.0, 9.0, 1.0, 0.49999999999999994, 11.0, 136.99999999999997, 154.0, 143.49999999999997, 188.5, 274.0]
[1.0, 1.0, 9.0, 1.0, 0.5499999999999999, 11.0, 150.69999999999996, 166.44999999999996, 166.44999999999996, 237.1, 273.99999999999994]
[1.0, 1.0, 9.0, 1.0, 0.6, 11.0, 164.4, 178.79999999999998, 178.39999999999998, 226.66666666666666, 274.0]
[1.0, 1.0, 9.0, 1.0, 0.65, 11.0, 178.1, 200.85, 190.35000000000002, 214.85, 274.0]
[1.0, 1.0, 9.0, 1.0, 0.7000000000000001, 11.0, 191.80000000000004, 211.60000000000002, 202.90000000000003, 233.4, 274.00000000000006]
[1.0, 1.0, 9.0, 1.0, 0.7500000000000001, 11.0, 205.50000000000003, 222.25, 214.75, 233.66666666666666, 274.0]
[1.0, 1.0, 9.0, 1.0, 0.8000000000000002, 11.0, 219.20000000000002, 233.00000000000003, 232.40000000000003, 243.26666666666668, 273.99999999999994]
[1.0, 1.0, 9.0, 1.0, 0.8500000000000002, 11.0, 232.90000000000006, 248.80000000000004, 242.80000000000007, 253.00000000000003, 274.0]
[1.0, 1.0, 9.0, 1.0, 0.9000000000000002, 11.0, 246.60000000000008, 257.20000000000005, 253.20000000000005, 254.0333333333334, 274.0]
[1.0, 1.0, 9.0, 1.0, 0.9500000000000003, 11.0, 260.30000000000007, 265.6, 263.6, 267.55, 274.0]
[1.0, 1.0, 10.0, 1.0, 0.1, 11.0, 31.0, 31.0, 31.0, 158.79999999999998, 310.0]
[1.0, 1.0, 10.0, 1.0, 0.15000000000000002, 11.0, 46.5, 46.5, 46.5, 161.25, 309.99999999999994]
[1.0, 1.0, 10.0, 1.0, 0.2, 11.0, 62.0, 62.0, 62.0, 174.0, 310.0]
[1.0, 1.0, 10.0, 1.0, 0.25, 11.0, 77.5, 86.5, 85.75, 162.25, 310.0]
[1.0, 1.0, 10.0, 1.0, 0.3, 11.0, 92.99999999999999, 101.4, 102.1, 188.4333333333333, 309.99999999999994]
[1.0, 1.0, 10.0, 1.0, 0.35, 11.0, 108.5, 117.60000000000001, 118.25, 252.58333333333334, 310.0]
[1.0, 1.0, 10.0, 1.0, 0.39999999999999997, 11.0, 123.99999999999999, 132.39999999999998, 133.0, 250.4, 310.0]
[1.0, 1.0, 10.0, 1.0, 0.44999999999999996, 11.0, 139.5, 160.39999999999998, 159.29999999999998, 226.95000000000002, 310.00000000000006]
[1.0, 1.0, 10.0, 1.0, 0.49999999999999994, 11.0, 154.99999999999997, 174.5, 173.0, 269.0, 310.0]
[1.0, 1.0, 10.0, 1.0, 0.5499999999999999, 11.0, 170.5, 188.5, 188.5, 244.9, 310.00000000000006]
[1.0, 1.0, 10.0, 1.0, 0.6, 11.0, 185.99999999999997, 202.39999999999998, 214.4, 244.9333333333333, 309.99999999999994]
[1.0, 1.0, 10.0, 1.0, 0.65, 11.0, 201.50000000000003, 227.39999999999998, 226.35, 238.6, 310.00000000000006]
[1.0, 1.0, 10.0, 1.0, 0.7000000000000001, 11.0, 217.0, 239.5, 238.89999999999998, 273.4, 309.99999999999994]
[1.0, 1.0, 10.0, 1.0, 0.7500000000000001, 11.0, 232.50000000000003, 251.5, 250.75, 277.8333333333333, 310.0]
[1.0, 1.0, 10.0, 1.0, 0.8000000000000002, 11.0, 248.00000000000006, 263.6000000000001, 263.00000000000006, 269.8, 310.0]
[1.0, 1.0, 10.0, 1.0, 0.8500000000000002, 11.0, 263.50000000000006, 281.50000000000006, 280.90000000000003, 290.20000000000005, 310.0]
[1.0, 1.0, 10.0, 1.0, 0.9000000000000002, 11.0, 279.00000000000006, 291.00000000000006, 290.6000000000001, 298.00000000000006, 310.0]
[1.0, 1.0, 10.0, 1.0, 0.9500000000000003, 11.0, 294.50000000000006, 300.50000000000006, 300.30000000000007, 303.3, 309.99999999999994]
