[5.0, 0.0, 8.0, 1.0, 0.25, 0.0, 0.0, 1.0, 39.125]
[5.0, 0.0, 8.0, 1.0, 0.25, 0.0, 0.0, 1.0, 39.125]
[5.0, 0.0, 8.0, 1.0, 0.25, 0.0, 0.1, 0.9, 39.125]
[5.0, 0.0, 8.0, 1.0, 0.25, 0.0, 0.2, 0.8, 39.125]
[5.0, 0.0, 8.0, 1.0, 0.25, 0.0, 0.30000000000000004, 0.7, 39.125]
[5.0, 0.0, 8.0, 1.0, 0.25, 0.0, 0.4, 0.6, 39.125]
[5.0, 0.0, 8.0, 1.0, 0.25, 0.0, 0.5, 0.5, 39.125]
[5.0, 0.0, 8.0, 1.0, 0.25, 0.0, 0.6, 0.4, 39.125]
[5.0, 0.0, 8.0, 1.0, 0.25, 0.0, 0.7, 0.30000000000000004, 39.125]
[5.0, 0.0, 8.0, 1.0, 0.25, 0.0, 0.7999999999999999, 0.20000000000000007, 39.125]
[5.0, 0.0, 8.0, 1.0, 0.25, 0.0, 0.8999999999999999, 0.10000000000000009, 39.125]
[5.0, 0.0, 8.0, 1.0, 0.25, 0.0, 0.9999999999999999, 1.1102230246251565E-16, 39.125]
[5.0, 0.0, 8.0, 1.0, 0.25, 0.1, 0.0, 0.9, 77.2132144999999]
[5.0, 0.0, 8.0, 1.0, 0.25, 0.1, 0.1, 0.8, 76.75163750000011]
[5.0, 0.0, 8.0, 1.0, 0.25, 0.1, 0.2, 0.7000000000000001, 77.19113600000003]
[5.0, 0.0, 8.0, 1.0, 0.25, 0.1, 0.30000000000000004, 0.6, 77.26187000000012]
[5.0, 0.0, 8.0, 1.0, 0.25, 0.1, 0.4, 0.5, 77.23476350000017]
[5.0, 0.0, 8.0, 1.0, 0.25, 0.1, 0.5, 0.4, 77.08934900000007]
[5.0, 0.0, 8.0, 1.0, 0.25, 0.1, 0.6, 0.30000000000000004, 77.21743549999998]
[5.0, 0.0, 8.0, 1.0, 0.25, 0.1, 0.7, 0.20000000000000004, 77.34149899999996]
[5.0, 0.0, 8.0, 1.0, 0.25, 0.1, 0.7999999999999999, 0.10000000000000006, 77.19918350000002]
[5.0, 0.0, 8.0, 1.0, 0.25, 0.1, 0.8999999999999999, 8.326672684688674E-17, 77.17993100000007]
[5.0, 0.0, 8.0, 1.0, 0.25, 0.2, 0.0, 0.8, 109.33649150000011]
[5.0, 0.0, 8.0, 1.0, 0.25, 0.2, 0.1, 0.7, 109.38336199999998]
[5.0, 0.0, 8.0, 1.0, 0.25, 0.2, 0.2, 0.6000000000000001, 109.2746285]
[5.0, 0.0, 8.0, 1.0, 0.25, 0.2, 0.30000000000000004, 0.49999999999999994, 109.403252]
[5.0, 0.0, 8.0, 1.0, 0.25, 0.2, 0.4, 0.39999999999999997, 109.61137100000006]
[5.0, 0.0, 8.0, 1.0, 0.25, 0.2, 0.5, 0.3, 109.42678100000003]
[5.0, 0.0, 8.0, 1.0, 0.25, 0.2, 0.6, 0.2, 109.41634999999994]
[5.0, 0.0, 8.0, 1.0, 0.25, 0.2, 0.7, 0.10000000000000003, 109.65162499999998]
[5.0, 0.0, 8.0, 1.0, 0.25, 0.2, 0.7999999999999999, 5.551115123125783E-17, 109.62788900000007]
[5.0, 0.0, 8.0, 1.0, 0.25, 0.30000000000000004, 0.0, 0.7, 135.32445500000003]
[5.0, 0.0, 8.0, 1.0, 0.25, 0.30000000000000004, 0.1, 0.6, 135.31040749999994]
[5.0, 0.0, 8.0, 1.0, 0.25, 0.30000000000000004, 0.2, 0.5, 135.540689]
[5.0, 0.0, 8.0, 1.0, 0.25, 0.30000000000000004, 0.30000000000000004, 0.3999999999999999, 135.35440400000005]
[5.0, 0.0, 8.0, 1.0, 0.25, 0.30000000000000004, 0.4, 0.29999999999999993, 135.31243700000016]
[5.0, 0.0, 8.0, 1.0, 0.25, 0.30000000000000004, 0.5, 0.19999999999999996, 135.4651205]
[5.0, 0.0, 8.0, 1.0, 0.25, 0.30000000000000004, 0.6, 0.09999999999999998, 135.2552135000002]
[5.0, 0.0, 8.0, 1.0, 0.25, 0.30000000000000004, 0.7, 0.0, 135.44504450000005]
[5.0, 0.0, 8.0, 1.0, 0.25, 0.4, 0.0, 0.6, 150.18045950000018]
[5.0, 0.0, 8.0, 1.0, 0.25, 0.4, 0.1, 0.5, 150.244319]
[5.0, 0.0, 8.0, 1.0, 0.25, 0.4, 0.2, 0.4, 150.25261399999994]
[5.0, 0.0, 8.0, 1.0, 0.25, 0.4, 0.30000000000000004, 0.29999999999999993, 150.3528184999998]
[5.0, 0.0, 8.0, 1.0, 0.25, 0.4, 0.4, 0.19999999999999996, 150.2368099999999]
[5.0, 0.0, 8.0, 1.0, 0.25, 0.4, 0.5, 0.09999999999999998, 150.24366949999995]
[5.0, 0.0, 8.0, 1.0, 0.25, 0.4, 0.6, 0.0, 150.3108815]
[5.0, 0.0, 8.0, 1.0, 0.25, 0.5, 0.0, 0.5, 152.73617000000002]
[5.0, 0.0, 8.0, 1.0, 0.25, 0.5, 0.1, 0.4, 152.73811699999993]
[5.0, 0.0, 8.0, 1.0, 0.25, 0.5, 0.2, 0.30000000000000004, 152.71731199999988]
[5.0, 0.0, 8.0, 1.0, 0.25, 0.5, 0.30000000000000004, 0.19999999999999996, 152.73804349999992]
[5.0, 0.0, 8.0, 1.0, 0.25, 0.5, 0.4, 0.09999999999999998, 152.73852949999997]
[5.0, 0.0, 8.0, 1.0, 0.25, 0.5, 0.5, 0.0, 152.74534999999997]
[5.0, 0.0, 8.0, 1.0, 0.25, 0.6, 0.0, 0.4, 153.68036600000002]
[5.0, 0.0, 8.0, 1.0, 0.25, 0.6, 0.1, 0.30000000000000004, 153.68203249999996]
[5.0, 0.0, 8.0, 1.0, 0.25, 0.6, 0.2, 0.20000000000000007, 153.68557250000003]
[5.0, 0.0, 8.0, 1.0, 0.25, 0.6, 0.30000000000000004, 0.09999999999999998, 153.6892820000002]
[5.0, 0.0, 8.0, 1.0, 0.25, 0.6, 0.4, 0.0, 153.68626850000004]
[5.0, 0.0, 8.0, 1.0, 0.25, 0.7, 0.0, 0.30000000000000004, 154.44426499999994]
[5.0, 0.0, 8.0, 1.0, 0.25, 0.7, 0.1, 0.20000000000000007, 154.45120400000013]
[5.0, 0.0, 8.0, 1.0, 0.25, 0.7, 0.2, 0.10000000000000009, 154.44075500000014]
[5.0, 0.0, 8.0, 1.0, 0.25, 0.7, 0.30000000000000004, 0.0, 154.44168499999986]
[5.0, 0.0, 8.0, 1.0, 0.25, 0.7999999999999999, 0.0, 0.20000000000000007, 155.157056]
[5.0, 0.0, 8.0, 1.0, 0.25, 0.7999999999999999, 0.1, 0.10000000000000009, 155.15265199999988]
[5.0, 0.0, 8.0, 1.0, 0.25, 0.7999999999999999, 0.2, 1.1102230246251565E-16, 155.15033149999996]
[5.0, 0.0, 8.0, 1.0, 0.25, 0.8999999999999999, 0.0, 0.10000000000000009, 155.82791900000024]
[5.0, 0.0, 8.0, 1.0, 0.25, 0.8999999999999999, 0.1, 1.1102230246251565E-16, 155.8318519999996]
[5.0, 0.0, 8.0, 1.0, 0.25, 0.9999999999999999, 0.0, 1.1102230246251565E-16, 156.4880000000005]
[4.0, 1.0, 8.0, 1.0, 0.25, 0.0, 0.0, 1.0, 43.37000000000039]
[4.0, 1.0, 8.0, 1.0, 0.25, 0.0, 0.1, 0.9, 43.35875750000004]
[4.0, 1.0, 8.0, 1.0, 0.25, 0.0, 0.2, 0.8, 43.344521]
[4.0, 1.0, 8.0, 1.0, 0.25, 0.0, 0.30000000000000004, 0.7, 43.32641000000001]
[4.0, 1.0, 8.0, 1.0, 0.25, 0.0, 0.4, 0.6, 43.30141249999995]
[4.0, 1.0, 8.0, 1.0, 0.25, 0.0, 0.5, 0.5, 43.26609049999997]
[4.0, 1.0, 8.0, 1.0, 0.25, 0.0, 0.6, 0.4, 43.20557749999998]
[4.0, 1.0, 8.0, 1.0, 0.25, 0.0, 0.7, 0.30000000000000004, 43.0789055]
[4.0, 1.0, 8.0, 1.0, 0.25, 0.0, 0.7999999999999999, 0.20000000000000007, 42.64906849999999]
[4.0, 1.0, 8.0, 1.0, 0.25, 0.0, 0.8999999999999999, 0.10000000000000009, 40.3872035]
[4.0, 1.0, 8.0, 1.0, 0.25, 0.0, 0.9999999999999999, 1.1102230246251565E-16, 39.138500000000356]
[4.0, 1.0, 8.0, 1.0, 0.25, 0.1, 0.0, 0.9, 44.29677650000006]
[4.0, 1.0, 8.0, 1.0, 0.25, 0.1, 0.1, 0.8, 44.286608000000015]
[4.0, 1.0, 8.0, 1.0, 0.25, 0.1, 0.2, 0.7000000000000001, 44.259123500000015]
[4.0, 1.0, 8.0, 1.0, 0.25, 0.1, 0.30000000000000004, 0.6, 44.253912500000006]
[4.0, 1.0, 8.0, 1.0, 0.25, 0.1, 0.4, 0.5, 44.212292000000005]
[4.0, 1.0, 8.0, 1.0, 0.25, 0.1, 0.5, 0.4, 44.189088500000004]
[4.0, 1.0, 8.0, 1.0, 0.25, 0.1, 0.6, 0.30000000000000004, 44.13554150000001]
[4.0, 1.0, 8.0, 1.0, 0.25, 0.1, 0.7, 0.20000000000000004, 43.976513]
[4.0, 1.0, 8.0, 1.0, 0.25, 0.1, 0.7999999999999999, 0.10000000000000006, 43.57475150000002]
[4.0, 1.0, 8.0, 1.0, 0.25, 0.1, 0.8999999999999999, 8.326672684688674E-17, 40.90991899999995]
[4.0, 1.0, 8.0, 1.0, 0.25, 0.2, 0.0, 0.8, 63.58106000000004]
[4.0, 1.0, 8.0, 1.0, 0.25, 0.2, 0.1, 0.7, 63.62172049999993]
[4.0, 1.0, 8.0, 1.0, 0.25, 0.2, 0.2, 0.6000000000000001, 63.12194149999989]
[4.0, 1.0, 8.0, 1.0, 0.25, 0.2, 0.30000000000000004, 0.49999999999999994, 64.12686050000003]
[4.0, 1.0, 8.0, 1.0, 0.25, 0.2, 0.4, 0.39999999999999997, 63.43378399999997]
[4.0, 1.0, 8.0, 1.0, 0.25, 0.2, 0.5, 0.3, 63.738236000000036]
[4.0, 1.0, 8.0, 1.0, 0.25, 0.2, 0.6, 0.2, 63.576896]
[4.0, 1.0, 8.0, 1.0, 0.25, 0.2, 0.7, 0.10000000000000003, 63.47083550000002]
[4.0, 1.0, 8.0, 1.0, 0.25, 0.2, 0.7999999999999999, 5.551115123125783E-17, 63.7424315]
[4.0, 1.0, 8.0, 1.0, 0.25, 0.30000000000000004, 0.0, 0.7, 99.37368200000009]
[4.0, 1.0, 8.0, 1.0, 0.25, 0.30000000000000004, 0.1, 0.6, 100.03652600000008]
[4.0, 1.0, 8.0, 1.0, 0.25, 0.30000000000000004, 0.2, 0.5, 99.59458550000015]
[4.0, 1.0, 8.0, 1.0, 0.25, 0.30000000000000004, 0.30000000000000004, 0.3999999999999999, 99.87008449999995]
[4.0, 1.0, 8.0, 1.0, 0.25, 0.30000000000000004, 0.4, 0.29999999999999993, 100.0016929999999]
[4.0, 1.0, 8.0, 1.0, 0.25, 0.30000000000000004, 0.5, 0.19999999999999996, 99.82216550000001]
[4.0, 1.0, 8.0, 1.0, 0.25, 0.30000000000000004, 0.6, 0.09999999999999998, 100.10087599999996]
[4.0, 1.0, 8.0, 1.0, 0.25, 0.30000000000000004, 0.7, 0.0, 99.829019]
[4.0, 1.0, 8.0, 1.0, 0.25, 0.4, 0.0, 0.6, 129.47025349999996]
[4.0, 1.0, 8.0, 1.0, 0.25, 0.4, 0.1, 0.5, 129.45185299999997]
[4.0, 1.0, 8.0, 1.0, 0.25, 0.4, 0.2, 0.4, 129.0756919999998]
[4.0, 1.0, 8.0, 1.0, 0.25, 0.4, 0.30000000000000004, 0.29999999999999993, 129.39793100000009]
[4.0, 1.0, 8.0, 1.0, 0.25, 0.4, 0.4, 0.19999999999999996, 129.60674299999985]
[4.0, 1.0, 8.0, 1.0, 0.25, 0.4, 0.5, 0.09999999999999998, 129.26997649999996]
[4.0, 1.0, 8.0, 1.0, 0.25, 0.4, 0.6, 0.0, 129.2570315]
[4.0, 1.0, 8.0, 1.0, 0.25, 0.5, 0.0, 0.5, 148.7956849999999]
[4.0, 1.0, 8.0, 1.0, 0.25, 0.5, 0.1, 0.4, 148.83399199999988]
[4.0, 1.0, 8.0, 1.0, 0.25, 0.5, 0.2, 0.30000000000000004, 148.8610729999999]
[4.0, 1.0, 8.0, 1.0, 0.25, 0.5, 0.30000000000000004, 0.19999999999999996, 148.7358485000001]
[4.0, 1.0, 8.0, 1.0, 0.25, 0.5, 0.4, 0.09999999999999998, 148.68900049999993]
[4.0, 1.0, 8.0, 1.0, 0.25, 0.5, 0.5, 0.0, 148.88568050000006]
[4.0, 1.0, 8.0, 1.0, 0.25, 0.6, 0.0, 0.4, 153.13286900000014]
[4.0, 1.0, 8.0, 1.0, 0.25, 0.6, 0.1, 0.30000000000000004, 153.14568649999973]
[4.0, 1.0, 8.0, 1.0, 0.25, 0.6, 0.2, 0.20000000000000007, 153.13299349999997]
[4.0, 1.0, 8.0, 1.0, 0.25, 0.6, 0.30000000000000004, 0.09999999999999998, 153.13729699999993]
[4.0, 1.0, 8.0, 1.0, 0.25, 0.6, 0.4, 0.0, 153.16767950000002]
[4.0, 1.0, 8.0, 1.0, 0.25, 0.7, 0.0, 0.30000000000000004, 154.24006250000016]
[4.0, 1.0, 8.0, 1.0, 0.25, 0.7, 0.1, 0.20000000000000007, 154.2518764999999]
[4.0, 1.0, 8.0, 1.0, 0.25, 0.7, 0.2, 0.10000000000000009, 154.24505149999993]
[4.0, 1.0, 8.0, 1.0, 0.25, 0.7, 0.30000000000000004, 0.0, 154.2526385000003]
[4.0, 1.0, 8.0, 1.0, 0.25, 0.7999999999999999, 0.0, 0.20000000000000007, 155.06340200000008]
[4.0, 1.0, 8.0, 1.0, 0.25, 0.7999999999999999, 0.1, 0.10000000000000009, 155.05664150000004]
[4.0, 1.0, 8.0, 1.0, 0.25, 0.7999999999999999, 0.2, 1.1102230246251565E-16, 155.0565515000002]
[4.0, 1.0, 8.0, 1.0, 0.25, 0.8999999999999999, 0.0, 0.10000000000000009, 155.7890014999999]
[4.0, 1.0, 8.0, 1.0, 0.25, 0.8999999999999999, 0.1, 1.1102230246251565E-16, 155.78788249999988]
[4.0, 1.0, 8.0, 1.0, 0.25, 0.9999999999999999, 0.0, 1.1102230246251565E-16, 156.4880000000005]
[3.0, 2.0, 8.0, 1.0, 0.25, 0.0, 0.0, 1.0, 47.56549999999935]
[3.0, 2.0, 8.0, 1.0, 0.25, 0.0, 0.1, 0.9, 47.530577000000044]
[3.0, 2.0, 8.0, 1.0, 0.25, 0.0, 0.2, 0.8, 47.48704249999997]
[3.0, 2.0, 8.0, 1.0, 0.25, 0.0, 0.30000000000000004, 0.7, 47.42713999999992]
[3.0, 2.0, 8.0, 1.0, 0.25, 0.0, 0.4, 0.6, 47.340959000000026]
[3.0, 2.0, 8.0, 1.0, 0.25, 0.0, 0.5, 0.5, 47.18828449999996]
[3.0, 2.0, 8.0, 1.0, 0.25, 0.0, 0.6, 0.4, 46.841853500000006]
[3.0, 2.0, 8.0, 1.0, 0.25, 0.0, 0.7, 0.30000000000000004, 45.14021]
[3.0, 2.0, 8.0, 1.0, 0.25, 0.0, 0.7999999999999999, 0.20000000000000007, 41.10778250000004]
[3.0, 2.0, 8.0, 1.0, 0.25, 0.0, 0.8999999999999999, 0.10000000000000009, 39.89626249999998]
[3.0, 2.0, 8.0, 1.0, 0.25, 0.0, 0.9999999999999999, 1.1102230246251565E-16, 39.13700000000001]
[3.0, 2.0, 8.0, 1.0, 0.25, 0.1, 0.0, 0.9, 47.910555500000015]
[3.0, 2.0, 8.0, 1.0, 0.25, 0.1, 0.1, 0.8, 47.881748000000044]
[3.0, 2.0, 8.0, 1.0, 0.25, 0.1, 0.2, 0.7000000000000001, 47.82636350000002]
[3.0, 2.0, 8.0, 1.0, 0.25, 0.1, 0.30000000000000004, 0.6, 47.76644599999999]
[3.0, 2.0, 8.0, 1.0, 0.25, 0.1, 0.4, 0.5, 47.674707499999926]
[3.0, 2.0, 8.0, 1.0, 0.25, 0.1, 0.5, 0.4, 47.51065850000002]
[3.0, 2.0, 8.0, 1.0, 0.25, 0.1, 0.6, 0.30000000000000004, 47.15179250000005]
[3.0, 2.0, 8.0, 1.0, 0.25, 0.1, 0.7, 0.20000000000000004, 45.414880999999966]
[3.0, 2.0, 8.0, 1.0, 0.25, 0.1, 0.7999999999999999, 0.10000000000000006, 41.260465999999994]
[3.0, 2.0, 8.0, 1.0, 0.25, 0.1, 0.8999999999999999, 8.326672684688674E-17, 39.99111500000003]
[3.0, 2.0, 8.0, 1.0, 0.25, 0.2, 0.0, 0.8, 48.62618150000007]
[3.0, 2.0, 8.0, 1.0, 0.25, 0.2, 0.1, 0.7, 48.58453700000004]
[3.0, 2.0, 8.0, 1.0, 0.25, 0.2, 0.2, 0.6000000000000001, 48.530603]
[3.0, 2.0, 8.0, 1.0, 0.25, 0.2, 0.30000000000000004, 0.49999999999999994, 48.47470250000004]
[3.0, 2.0, 8.0, 1.0, 0.25, 0.2, 0.4, 0.39999999999999997, 48.38081899999993]
[3.0, 2.0, 8.0, 1.0, 0.25, 0.2, 0.5, 0.3, 48.19893049999995]
[3.0, 2.0, 8.0, 1.0, 0.25, 0.2, 0.6, 0.2, 47.856384499999976]
[3.0, 2.0, 8.0, 1.0, 0.25, 0.2, 0.7, 0.10000000000000003, 46.09165550000001]
[3.0, 2.0, 8.0, 1.0, 0.25, 0.2, 0.7999999999999999, 5.551115123125783E-17, 41.499537500000066]
[3.0, 2.0, 8.0, 1.0, 0.25, 0.30000000000000004, 0.0, 0.7, 55.430065999999925]
[3.0, 2.0, 8.0, 1.0, 0.25, 0.30000000000000004, 0.1, 0.6, 55.07344250000007]
[3.0, 2.0, 8.0, 1.0, 0.25, 0.30000000000000004, 0.2, 0.5, 55.314097999999994]
[3.0, 2.0, 8.0, 1.0, 0.25, 0.30000000000000004, 0.30000000000000004, 0.3999999999999999, 55.45484450000006]
[3.0, 2.0, 8.0, 1.0, 0.25, 0.30000000000000004, 0.4, 0.29999999999999993, 55.19704999999993]
[3.0, 2.0, 8.0, 1.0, 0.25, 0.30000000000000004, 0.5, 0.19999999999999996, 54.98144]
[3.0, 2.0, 8.0, 1.0, 0.25, 0.30000000000000004, 0.6, 0.09999999999999998, 54.841105999999975]
[3.0, 2.0, 8.0, 1.0, 0.25, 0.30000000000000004, 0.7, 0.0, 54.036317000000004]
[3.0, 2.0, 8.0, 1.0, 0.25, 0.4, 0.0, 0.6, 86.22582800000004]
[3.0, 2.0, 8.0, 1.0, 0.25, 0.4, 0.1, 0.5, 86.33099300000003]
[3.0, 2.0, 8.0, 1.0, 0.25, 0.4, 0.2, 0.4, 86.39160050000007]
[3.0, 2.0, 8.0, 1.0, 0.25, 0.4, 0.30000000000000004, 0.29999999999999993, 86.864888]
[3.0, 2.0, 8.0, 1.0, 0.25, 0.4, 0.4, 0.19999999999999996, 86.3081975000001]
[3.0, 2.0, 8.0, 1.0, 0.25, 0.4, 0.5, 0.09999999999999998, 86.31521750000006]
[3.0, 2.0, 8.0, 1.0, 0.25, 0.4, 0.6, 0.0, 86.58504950000001]
[3.0, 2.0, 8.0, 1.0, 0.25, 0.5, 0.0, 0.5, 121.6150669999999]
[3.0, 2.0, 8.0, 1.0, 0.25, 0.5, 0.1, 0.4, 121.704233]
[3.0, 2.0, 8.0, 1.0, 0.25, 0.5, 0.2, 0.30000000000000004, 121.412219]
[3.0, 2.0, 8.0, 1.0, 0.25, 0.5, 0.30000000000000004, 0.19999999999999996, 121.30701050000005]
[3.0, 2.0, 8.0, 1.0, 0.25, 0.5, 0.4, 0.09999999999999998, 121.59596299999993]
[3.0, 2.0, 8.0, 1.0, 0.25, 0.5, 0.5, 0.0, 121.4513]
[3.0, 2.0, 8.0, 1.0, 0.25, 0.6, 0.0, 0.4, 146.33617250000003]
[3.0, 2.0, 8.0, 1.0, 0.25, 0.6, 0.1, 0.30000000000000004, 146.13744949999995]
[3.0, 2.0, 8.0, 1.0, 0.25, 0.6, 0.2, 0.20000000000000007, 146.49245750000006]
[3.0, 2.0, 8.0, 1.0, 0.25, 0.6, 0.30000000000000004, 0.09999999999999998, 146.18177600000016]
[3.0, 2.0, 8.0, 1.0, 0.25, 0.6, 0.4, 0.0, 146.13772099999983]
[3.0, 2.0, 8.0, 1.0, 0.25, 0.7, 0.0, 0.30000000000000004, 153.57978499999984]
[3.0, 2.0, 8.0, 1.0, 0.25, 0.7, 0.1, 0.20000000000000007, 153.60691249999985]
[3.0, 2.0, 8.0, 1.0, 0.25, 0.7, 0.2, 0.10000000000000009, 153.58869949999985]
[3.0, 2.0, 8.0, 1.0, 0.25, 0.7, 0.30000000000000004, 0.0, 153.59899849999996]
[3.0, 2.0, 8.0, 1.0, 0.25, 0.7999999999999999, 0.0, 0.20000000000000007, 154.88183449999983]
[3.0, 2.0, 8.0, 1.0, 0.25, 0.7999999999999999, 0.1, 0.10000000000000009, 154.88625200000007]
[3.0, 2.0, 8.0, 1.0, 0.25, 0.7999999999999999, 0.2, 1.1102230246251565E-16, 154.88526050000002]
[3.0, 2.0, 8.0, 1.0, 0.25, 0.8999999999999999, 0.0, 0.10000000000000009, 155.72378749999993]
[3.0, 2.0, 8.0, 1.0, 0.25, 0.8999999999999999, 0.1, 1.1102230246251565E-16, 155.72700950000015]
[3.0, 2.0, 8.0, 1.0, 0.25, 0.9999999999999999, 0.0, 1.1102230246251565E-16, 156.48050000000265]
[2.0, 3.0, 8.0, 1.0, 0.25, 0.0, 0.0, 1.0, 51.83000000000117]
[2.0, 3.0, 8.0, 1.0, 0.25, 0.0, 0.1, 0.9, 51.757960999999966]
[2.0, 3.0, 8.0, 1.0, 0.25, 0.0, 0.2, 0.8, 51.65959100000001]
[2.0, 3.0, 8.0, 1.0, 0.25, 0.0, 0.30000000000000004, 0.7, 51.50750449999999]
[2.0, 3.0, 8.0, 1.0, 0.25, 0.0, 0.4, 0.6, 51.22099250000002]
[2.0, 3.0, 8.0, 1.0, 0.25, 0.0, 0.5, 0.5, 50.36707699999997]
[2.0, 3.0, 8.0, 1.0, 0.25, 0.0, 0.6, 0.4, 45.79465849999988]
[2.0, 3.0, 8.0, 1.0, 0.25, 0.0, 0.7, 0.30000000000000004, 41.65065949999997]
[2.0, 3.0, 8.0, 1.0, 0.25, 0.0, 0.7999999999999999, 0.20000000000000007, 40.56106399999996]
[2.0, 3.0, 8.0, 1.0, 0.25, 0.0, 0.8999999999999999, 0.10000000000000009, 39.804768499999945]
[2.0, 3.0, 8.0, 1.0, 0.25, 0.0, 0.9999999999999999, 1.1102230246251565E-16, 39.13700000000001]
[2.0, 3.0, 8.0, 1.0, 0.25, 0.1, 0.0, 0.9, 52.045945999999965]
[2.0, 3.0, 8.0, 1.0, 0.25, 0.1, 0.1, 0.8, 51.96939650000004]
[2.0, 3.0, 8.0, 1.0, 0.25, 0.1, 0.2, 0.7000000000000001, 51.868886000000046]
[2.0, 3.0, 8.0, 1.0, 0.25, 0.1, 0.30000000000000004, 0.6, 51.713199500000044]
[2.0, 3.0, 8.0, 1.0, 0.25, 0.1, 0.4, 0.5, 51.4177925]
[2.0, 3.0, 8.0, 1.0, 0.25, 0.1, 0.5, 0.4, 50.58363649999998]
[2.0, 3.0, 8.0, 1.0, 0.25, 0.1, 0.6, 0.30000000000000004, 45.890959999999964]
[2.0, 3.0, 8.0, 1.0, 0.25, 0.1, 0.7, 0.20000000000000004, 41.74816250000007]
[2.0, 3.0, 8.0, 1.0, 0.25, 0.1, 0.7999999999999999, 0.10000000000000006, 40.64403049999998]
[2.0, 3.0, 8.0, 1.0, 0.25, 0.1, 0.8999999999999999, 8.326672684688674E-17, 39.89623249999996]
[2.0, 3.0, 8.0, 1.0, 0.25, 0.2, 0.0, 0.8, 52.34737399999998]
[2.0, 3.0, 8.0, 1.0, 0.25, 0.2, 0.1, 0.7, 52.26656299999996]
[2.0, 3.0, 8.0, 1.0, 0.25, 0.2, 0.2, 0.6000000000000001, 52.16634049999995]
[2.0, 3.0, 8.0, 1.0, 0.25, 0.2, 0.30000000000000004, 0.49999999999999994, 52.004958499999965]
[2.0, 3.0, 8.0, 1.0, 0.25, 0.2, 0.4, 0.39999999999999997, 51.72413450000002]
[2.0, 3.0, 8.0, 1.0, 0.25, 0.2, 0.5, 0.3, 50.901115999999995]
[2.0, 3.0, 8.0, 1.0, 0.25, 0.2, 0.6, 0.2, 46.352264]
[2.0, 3.0, 8.0, 1.0, 0.25, 0.2, 0.7, 0.10000000000000003, 41.823880999999986]
[2.0, 3.0, 8.0, 1.0, 0.25, 0.2, 0.7999999999999999, 5.551115123125783E-17, 40.74049699999997]
[2.0, 3.0, 8.0, 1.0, 0.25, 0.30000000000000004, 0.0, 0.7, 52.906764499999916]
[2.0, 3.0, 8.0, 1.0, 0.25, 0.30000000000000004, 0.1, 0.6, 52.82570750000005]
[2.0, 3.0, 8.0, 1.0, 0.25, 0.30000000000000004, 0.2, 0.5, 52.716678499999965]
[2.0, 3.0, 8.0, 1.0, 0.25, 0.30000000000000004, 0.30000000000000004, 0.3999999999999999, 52.55751650000001]
[2.0, 3.0, 8.0, 1.0, 0.25, 0.30000000000000004, 0.4, 0.29999999999999993, 52.24679900000002]
[2.0, 3.0, 8.0, 1.0, 0.25, 0.30000000000000004, 0.5, 0.19999999999999996, 51.41043499999999]
[2.0, 3.0, 8.0, 1.0, 0.25, 0.30000000000000004, 0.6, 0.09999999999999998, 46.5394445]
[2.0, 3.0, 8.0, 1.0, 0.25, 0.30000000000000004, 0.7, 0.0, 42.02385199999998]
[2.0, 3.0, 8.0, 1.0, 0.25, 0.4, 0.0, 0.6, 55.23539450000001]
[2.0, 3.0, 8.0, 1.0, 0.25, 0.4, 0.1, 0.5, 55.22093000000005]
[2.0, 3.0, 8.0, 1.0, 0.25, 0.4, 0.2, 0.4, 54.96011449999996]
[2.0, 3.0, 8.0, 1.0, 0.25, 0.4, 0.30000000000000004, 0.29999999999999993, 54.84566299999998]
[2.0, 3.0, 8.0, 1.0, 0.25, 0.4, 0.4, 0.19999999999999996, 54.56865950000005]
[2.0, 3.0, 8.0, 1.0, 0.25, 0.4, 0.5, 0.09999999999999998, 53.73716750000005]
[2.0, 3.0, 8.0, 1.0, 0.25, 0.4, 0.6, 0.0, 49.64724199999998]
[2.0, 3.0, 8.0, 1.0, 0.25, 0.5, 0.0, 0.5, 74.42816450000021]
[2.0, 3.0, 8.0, 1.0, 0.25, 0.5, 0.1, 0.4, 73.97913050000002]
[2.0, 3.0, 8.0, 1.0, 0.25, 0.5, 0.2, 0.30000000000000004, 74.13071000000006]
[2.0, 3.0, 8.0, 1.0, 0.25, 0.5, 0.30000000000000004, 0.19999999999999996, 74.28954649999993]
[2.0, 3.0, 8.0, 1.0, 0.25, 0.5, 0.4, 0.09999999999999998, 73.86509450000007]
[2.0, 3.0, 8.0, 1.0, 0.25, 0.5, 0.5, 0.0, 74.08642399999995]
[2.0, 3.0, 8.0, 1.0, 0.25, 0.6, 0.0, 0.4, 109.05865549999997]
[2.0, 3.0, 8.0, 1.0, 0.25, 0.6, 0.1, 0.30000000000000004, 109.1507029999998]
[2.0, 3.0, 8.0, 1.0, 0.25, 0.6, 0.2, 0.20000000000000007, 109.41047449999994]
[2.0, 3.0, 8.0, 1.0, 0.25, 0.6, 0.30000000000000004, 0.09999999999999998, 109.57805450000012]
[2.0, 3.0, 8.0, 1.0, 0.25, 0.6, 0.4, 0.0, 108.7381729999998]
[2.0, 3.0, 8.0, 1.0, 0.25, 0.7, 0.0, 0.30000000000000004, 141.4517794999997]
[2.0, 3.0, 8.0, 1.0, 0.25, 0.7, 0.1, 0.20000000000000007, 141.59248549999998]
[2.0, 3.0, 8.0, 1.0, 0.25, 0.7, 0.2, 0.10000000000000009, 141.64278049999993]
[2.0, 3.0, 8.0, 1.0, 0.25, 0.7, 0.30000000000000004, 0.0, 141.53660300000016]
[2.0, 3.0, 8.0, 1.0, 0.25, 0.7999999999999999, 0.0, 0.20000000000000007, 154.1115754999999]
[2.0, 3.0, 8.0, 1.0, 0.25, 0.7999999999999999, 0.1, 0.10000000000000009, 154.1079695000002]
[2.0, 3.0, 8.0, 1.0, 0.25, 0.7999999999999999, 0.2, 1.1102230246251565E-16, 154.12349900000024]
[2.0, 3.0, 8.0, 1.0, 0.25, 0.8999999999999999, 0.0, 0.10000000000000009, 155.6284175000001]
[2.0, 3.0, 8.0, 1.0, 0.25, 0.8999999999999999, 0.1, 1.1102230246251565E-16, 155.63311400000006]
[2.0, 3.0, 8.0, 1.0, 0.25, 0.9999999999999999, 0.0, 1.1102230246251565E-16, 156.48050000000265]
[1.0, 4.0, 8.0, 1.0, 0.25, 0.0, 0.0, 1.0, 56.04499999999879]
[1.0, 4.0, 8.0, 1.0, 0.25, 0.0, 0.1, 0.9, 55.89583850000009]
[1.0, 4.0, 8.0, 1.0, 0.25, 0.0, 0.2, 0.8, 55.65628100000001]
[1.0, 4.0, 8.0, 1.0, 0.25, 0.0, 0.30000000000000004, 0.7, 55.15274300000005]
[1.0, 4.0, 8.0, 1.0, 0.25, 0.0, 0.4, 0.6, 53.12128850000008]
[1.0, 4.0, 8.0, 1.0, 0.25, 0.0, 0.5, 0.5, 45.180622999999976]
[1.0, 4.0, 8.0, 1.0, 0.25, 0.0, 0.6, 0.4, 42.10523899999999]
[1.0, 4.0, 8.0, 1.0, 0.25, 0.0, 0.7, 0.30000000000000004, 41.145065000000024]
[1.0, 4.0, 8.0, 1.0, 0.25, 0.0, 0.7999999999999999, 0.20000000000000007, 40.41583400000001]
[1.0, 4.0, 8.0, 1.0, 0.25, 0.0, 0.8999999999999999, 0.10000000000000009, 39.764246000000036]
[1.0, 4.0, 8.0, 1.0, 0.25, 0.0, 0.9999999999999999, 1.1102230246251565E-16, 39.13700000000001]
[1.0, 4.0, 8.0, 1.0, 0.25, 0.1, 0.0, 0.9, 56.19709250000001]
[1.0, 4.0, 8.0, 1.0, 0.25, 0.1, 0.1, 0.8, 56.050026500000016]
[1.0, 4.0, 8.0, 1.0, 0.25, 0.1, 0.2, 0.7000000000000001, 55.80200000000001]
[1.0, 4.0, 8.0, 1.0, 0.25, 0.1, 0.30000000000000004, 0.6, 55.30291249999994]
[1.0, 4.0, 8.0, 1.0, 0.25, 0.1, 0.4, 0.5, 53.18335249999997]
[1.0, 4.0, 8.0, 1.0, 0.25, 0.1, 0.5, 0.4, 45.358181]
[1.0, 4.0, 8.0, 1.0, 0.25, 0.1, 0.6, 0.30000000000000004, 42.16969849999999]
[1.0, 4.0, 8.0, 1.0, 0.25, 0.1, 0.7, 0.20000000000000004, 41.20863050000005]
[1.0, 4.0, 8.0, 1.0, 0.25, 0.1, 0.7999999999999999, 0.10000000000000006, 40.4921405]
[1.0, 4.0, 8.0, 1.0, 0.25, 0.1, 0.8999999999999999, 8.326672684688674E-17, 39.84205699999997]
[1.0, 4.0, 8.0, 1.0, 0.25, 0.2, 0.0, 0.8, 56.376269000000015]
[1.0, 4.0, 8.0, 1.0, 0.25, 0.2, 0.1, 0.7, 56.230479500000065]
[1.0, 4.0, 8.0, 1.0, 0.25, 0.2, 0.2, 0.6000000000000001, 55.98150950000009]
[1.0, 4.0, 8.0, 1.0, 0.25, 0.2, 0.30000000000000004, 0.49999999999999994, 55.470236000000035]
[1.0, 4.0, 8.0, 1.0, 0.25, 0.2, 0.4, 0.39999999999999997, 53.4649355]
[1.0, 4.0, 8.0, 1.0, 0.25, 0.2, 0.5, 0.3, 45.396796999999985]
[1.0, 4.0, 8.0, 1.0, 0.25, 0.2, 0.6, 0.2, 42.27671299999997]
[1.0, 4.0, 8.0, 1.0, 0.25, 0.2, 0.7, 0.10000000000000003, 41.29218349999999]
[1.0, 4.0, 8.0, 1.0, 0.25, 0.2, 0.7999999999999999, 5.551115123125783E-17, 40.57193750000002]
[1.0, 4.0, 8.0, 1.0, 0.25, 0.30000000000000004, 0.0, 0.7, 56.628443000000004]
[1.0, 4.0, 8.0, 1.0, 0.25, 0.30000000000000004, 0.1, 0.6, 56.48775650000002]
[1.0, 4.0, 8.0, 1.0, 0.25, 0.30000000000000004, 0.2, 0.5, 56.24180599999996]
[1.0, 4.0, 8.0, 1.0, 0.25, 0.30000000000000004, 0.30000000000000004, 0.3999999999999999, 55.7194399999999]
[1.0, 4.0, 8.0, 1.0, 0.25, 0.30000000000000004, 0.4, 0.29999999999999993, 53.72080099999999]
[1.0, 4.0, 8.0, 1.0, 0.25, 0.30000000000000004, 0.5, 0.19999999999999996, 45.66626599999987]
[1.0, 4.0, 8.0, 1.0, 0.25, 0.30000000000000004, 0.6, 0.09999999999999998, 42.36208549999999]
[1.0, 4.0, 8.0, 1.0, 0.25, 0.30000000000000004, 0.7, 0.0, 41.38462850000007]
[1.0, 4.0, 8.0, 1.0, 0.25, 0.4, 0.0, 0.6, 57.0679115]
[1.0, 4.0, 8.0, 1.0, 0.25, 0.4, 0.1, 0.5, 56.90823500000003]
[1.0, 4.0, 8.0, 1.0, 0.25, 0.4, 0.2, 0.4, 56.663973500000075]
[1.0, 4.0, 8.0, 1.0, 0.25, 0.4, 0.30000000000000004, 0.29999999999999993, 56.1419135]
[1.0, 4.0, 8.0, 1.0, 0.25, 0.4, 0.4, 0.19999999999999996, 54.18081349999997]
[1.0, 4.0, 8.0, 1.0, 0.25, 0.4, 0.5, 0.09999999999999998, 45.78296599999999]
[1.0, 4.0, 8.0, 1.0, 0.25, 0.4, 0.6, 0.0, 42.46903549999994]
[1.0, 4.0, 8.0, 1.0, 0.25, 0.5, 0.0, 0.5, 58.1419415]
[1.0, 4.0, 8.0, 1.0, 0.25, 0.5, 0.1, 0.4, 57.96237200000005]
[1.0, 4.0, 8.0, 1.0, 0.25, 0.5, 0.2, 0.30000000000000004, 57.755404999999975]
[1.0, 4.0, 8.0, 1.0, 0.25, 0.5, 0.30000000000000004, 0.19999999999999996, 57.26477299999996]
[1.0, 4.0, 8.0, 1.0, 0.25, 0.5, 0.4, 0.09999999999999998, 55.26903950000003]
[1.0, 4.0, 8.0, 1.0, 0.25, 0.5, 0.5, 0.0, 46.690859000000096]
[1.0, 4.0, 8.0, 1.0, 0.25, 0.6, 0.0, 0.4, 66.95044399999993]
[1.0, 4.0, 8.0, 1.0, 0.25, 0.6, 0.1, 0.30000000000000004, 67.35180950000004]
[1.0, 4.0, 8.0, 1.0, 0.25, 0.6, 0.2, 0.20000000000000007, 67.11540950000006]
[1.0, 4.0, 8.0, 1.0, 0.25, 0.6, 0.30000000000000004, 0.09999999999999998, 66.84295550000004]
[1.0, 4.0, 8.0, 1.0, 0.25, 0.6, 0.4, 0.0, 66.14421950000008]
[1.0, 4.0, 8.0, 1.0, 0.25, 0.7, 0.0, 0.30000000000000004, 95.800202]
[1.0, 4.0, 8.0, 1.0, 0.25, 0.7, 0.1, 0.20000000000000007, 95.33201899999993]
[1.0, 4.0, 8.0, 1.0, 0.25, 0.7, 0.2, 0.10000000000000009, 95.45580649999997]
[1.0, 4.0, 8.0, 1.0, 0.25, 0.7, 0.30000000000000004, 0.0, 95.6702015]
[1.0, 4.0, 8.0, 1.0, 0.25, 0.7999999999999999, 0.0, 0.20000000000000007, 131.78125549999984]
[1.0, 4.0, 8.0, 1.0, 0.25, 0.7999999999999999, 0.1, 0.10000000000000009, 132.19359199999985]
[1.0, 4.0, 8.0, 1.0, 0.25, 0.7999999999999999, 0.2, 1.1102230246251565E-16, 132.0347944999999]
[1.0, 4.0, 8.0, 1.0, 0.25, 0.8999999999999999, 0.0, 0.10000000000000009, 154.74000349999972]
[1.0, 4.0, 8.0, 1.0, 0.25, 0.8999999999999999, 0.1, 1.1102230246251565E-16, 154.7310799999998]
[1.0, 4.0, 8.0, 1.0, 0.25, 0.9999999999999999, 0.0, 1.1102230246251565E-16, 156.48050000000265]
[0.0, 5.0, 8.0, 1.0, 0.25, 0.0, 0.0, 1.0, 156.5]
[0.0, 5.0, 8.0, 1.0, 0.25, 0.0, 0.1, 0.9, 118.56595250000005]
[0.0, 5.0, 8.0, 1.0, 0.25, 0.0, 0.2, 0.8, 85.85616500000006]
[0.0, 5.0, 8.0, 1.0, 0.25, 0.0, 0.30000000000000004, 0.7, 60.248192000000046]
[0.0, 5.0, 8.0, 1.0, 0.25, 0.0, 0.4, 0.6, 45.36723950000001]
[0.0, 5.0, 8.0, 1.0, 0.25, 0.0, 0.5, 0.5, 42.88805600000001]
[0.0, 5.0, 8.0, 1.0, 0.25, 0.0, 0.6, 0.4, 41.931348499999984]
[0.0, 5.0, 8.0, 1.0, 0.25, 0.0, 0.7, 0.30000000000000004, 41.17758649999996]
[0.0, 5.0, 8.0, 1.0, 0.25, 0.0, 0.7999999999999999, 0.20000000000000007, 40.474074499999944]
[0.0, 5.0, 8.0, 1.0, 0.25, 0.0, 0.8999999999999999, 0.10000000000000009, 39.80020550000002]
[0.0, 5.0, 8.0, 1.0, 0.25, 0.0, 0.9999999999999999, 1.1102230246251565E-16, 39.13700000000001]
[0.0, 5.0, 8.0, 1.0, 0.25, 0.1, 0.0, 0.9, 156.5]
[0.0, 5.0, 8.0, 1.0, 0.25, 0.1, 0.1, 0.8, 118.52568950000003]
[0.0, 5.0, 8.0, 1.0, 0.25, 0.1, 0.2, 0.7000000000000001, 86.344073]
[0.0, 5.0, 8.0, 1.0, 0.25, 0.1, 0.30000000000000004, 0.6, 60.383753000000034]
[0.0, 5.0, 8.0, 1.0, 0.25, 0.1, 0.4, 0.5, 45.38883500000007]
[0.0, 5.0, 8.0, 1.0, 0.25, 0.1, 0.5, 0.4, 42.87709100000005]
[0.0, 5.0, 8.0, 1.0, 0.25, 0.1, 0.6, 0.30000000000000004, 41.929619000000024]
[0.0, 5.0, 8.0, 1.0, 0.25, 0.1, 0.7, 0.20000000000000004, 41.167376000000004]
[0.0, 5.0, 8.0, 1.0, 0.25, 0.1, 0.7999999999999999, 0.10000000000000006, 40.476131000000024]
[0.0, 5.0, 8.0, 1.0, 0.25, 0.1, 0.8999999999999999, 8.326672684688674E-17, 39.79791500000004]
[0.0, 5.0, 8.0, 1.0, 0.25, 0.2, 0.0, 0.8, 156.5]
[0.0, 5.0, 8.0, 1.0, 0.25, 0.2, 0.1, 0.7, 118.31257550000015]
[0.0, 5.0, 8.0, 1.0, 0.25, 0.2, 0.2, 0.6000000000000001, 86.52571400000001]
[0.0, 5.0, 8.0, 1.0, 0.25, 0.2, 0.30000000000000004, 0.49999999999999994, 60.54833600000006]
[0.0, 5.0, 8.0, 1.0, 0.25, 0.2, 0.4, 0.39999999999999997, 45.44163350000001]
[0.0, 5.0, 8.0, 1.0, 0.25, 0.2, 0.5, 0.3, 42.88749949999995]
[0.0, 5.0, 8.0, 1.0, 0.25, 0.2, 0.6, 0.2, 41.947075999999996]
[0.0, 5.0, 8.0, 1.0, 0.25, 0.2, 0.7, 0.10000000000000003, 41.18788699999998]
[0.0, 5.0, 8.0, 1.0, 0.25, 0.2, 0.7999999999999999, 5.551115123125783E-17, 40.47340700000002]
[0.0, 5.0, 8.0, 1.0, 0.25, 0.30000000000000004, 0.0, 0.7, 156.5]
[0.0, 5.0, 8.0, 1.0, 0.25, 0.30000000000000004, 0.1, 0.6, 118.27764199999987]
[0.0, 5.0, 8.0, 1.0, 0.25, 0.30000000000000004, 0.2, 0.5, 86.1273679999999]
[0.0, 5.0, 8.0, 1.0, 0.25, 0.30000000000000004, 0.30000000000000004, 0.3999999999999999, 60.23700649999991]
[0.0, 5.0, 8.0, 1.0, 0.25, 0.30000000000000004, 0.4, 0.29999999999999993, 45.30666800000001]
[0.0, 5.0, 8.0, 1.0, 0.25, 0.30000000000000004, 0.5, 0.19999999999999996, 42.8851625]
[0.0, 5.0, 8.0, 1.0, 0.25, 0.30000000000000004, 0.6, 0.09999999999999998, 41.93885450000002]
[0.0, 5.0, 8.0, 1.0, 0.25, 0.30000000000000004, 0.7, 0.0, 41.172627500000075]
[0.0, 5.0, 8.0, 1.0, 0.25, 0.4, 0.0, 0.6, 156.5]
[0.0, 5.0, 8.0, 1.0, 0.25, 0.4, 0.1, 0.5, 118.3530065]
[0.0, 5.0, 8.0, 1.0, 0.25, 0.4, 0.2, 0.4, 86.07747799999997]
[0.0, 5.0, 8.0, 1.0, 0.25, 0.4, 0.30000000000000004, 0.29999999999999993, 60.28707049999995]
[0.0, 5.0, 8.0, 1.0, 0.25, 0.4, 0.4, 0.19999999999999996, 45.33175250000003]
[0.0, 5.0, 8.0, 1.0, 0.25, 0.4, 0.5, 0.09999999999999998, 42.89779850000004]
[0.0, 5.0, 8.0, 1.0, 0.25, 0.4, 0.6, 0.0, 41.93896549999994]
[0.0, 5.0, 8.0, 1.0, 0.25, 0.5, 0.0, 0.5, 156.5]
[0.0, 5.0, 8.0, 1.0, 0.25, 0.5, 0.1, 0.4, 118.32668300000003]
[0.0, 5.0, 8.0, 1.0, 0.25, 0.5, 0.2, 0.30000000000000004, 86.24330750000001]
[0.0, 5.0, 8.0, 1.0, 0.25, 0.5, 0.30000000000000004, 0.19999999999999996, 60.336399499999935]
[0.0, 5.0, 8.0, 1.0, 0.25, 0.5, 0.4, 0.09999999999999998, 45.35803549999996]
[0.0, 5.0, 8.0, 1.0, 0.25, 0.5, 0.5, 0.0, 42.90044000000004]
[0.0, 5.0, 8.0, 1.0, 0.25, 0.6, 0.0, 0.4, 156.5]
[0.0, 5.0, 8.0, 1.0, 0.25, 0.6, 0.1, 0.30000000000000004, 118.19692549999994]
[0.0, 5.0, 8.0, 1.0, 0.25, 0.6, 0.2, 0.20000000000000007, 86.20957850000013]
[0.0, 5.0, 8.0, 1.0, 0.25, 0.6, 0.30000000000000004, 0.09999999999999998, 60.35270449999998]
[0.0, 5.0, 8.0, 1.0, 0.25, 0.6, 0.4, 0.0, 45.32422850000001]
[0.0, 5.0, 8.0, 1.0, 0.25, 0.7, 0.0, 0.30000000000000004, 156.5]
[0.0, 5.0, 8.0, 1.0, 0.25, 0.7, 0.1, 0.20000000000000007, 118.36868750000002]
[0.0, 5.0, 8.0, 1.0, 0.25, 0.7, 0.2, 0.10000000000000009, 86.3845265000001]
[0.0, 5.0, 8.0, 1.0, 0.25, 0.7, 0.30000000000000004, 0.0, 60.400107500000004]
[0.0, 5.0, 8.0, 1.0, 0.25, 0.7999999999999999, 0.0, 0.20000000000000007, 156.5]
[0.0, 5.0, 8.0, 1.0, 0.25, 0.7999999999999999, 0.1, 0.10000000000000009, 118.60145599999996]
[0.0, 5.0, 8.0, 1.0, 0.25, 0.7999999999999999, 0.2, 1.1102230246251565E-16, 86.35357549999995]
[0.0, 5.0, 8.0, 1.0, 0.25, 0.8999999999999999, 0.0, 0.10000000000000009, 156.5]
[0.0, 5.0, 8.0, 1.0, 0.25, 0.8999999999999999, 0.1, 1.1102230246251565E-16, 117.82873549999994]
[0.0, 5.0, 8.0, 1.0, 0.25, 0.9999999999999999, 0.0, 1.1102230246251565E-16, 156.5]

