[0.0, 5.0, 8.0, 1.0, 0.85, 0.0, 132.7720440881786]
[0.0, 5.0, 8.0, 1.0, 0.85, 0.05, 132.83759979959913]
[0.0, 5.0, 8.0, 1.0, 0.85, 0.1, 132.90437414829645]
[0.0, 5.0, 8.0, 1.0, 0.85, 0.15000000000000002, 132.97234428857712]
[0.0, 5.0, 8.0, 1.0, 0.85, 0.2, 133.03974088176358]
[0.0, 5.0, 8.0, 1.0, 0.85, 0.25, 133.1104591182364]
[0.0, 5.0, 8.0, 1.0, 0.85, 0.3, 133.18222044088165]
[0.0, 5.0, 8.0, 1.0, 0.85, 0.35, 133.25551843687361]
[0.0, 5.0, 8.0, 1.0, 0.85, 0.39999999999999997, 133.33329779559108]
[0.0, 5.0, 8.0, 1.0, 0.85, 0.44999999999999996, 133.42023797595166]
[0.0, 5.0, 8.0, 1.0, 0.85, 0.49999999999999994, 133.52432775551114]
[0.0, 5.0, 8.0, 1.0, 0.85, 0.5499999999999999, 133.67085581162326]
[0.0, 5.0, 8.0, 1.0, 0.85, 0.6, 134.0093348697395]
[0.0, 5.0, 8.0, 1.0, 0.85, 0.65, 135.04663416833688]
[0.0, 5.0, 8.0, 1.0, 0.85, 0.7000000000000001, 137.0614014028057]
[0.0, 5.0, 8.0, 1.0, 0.85, 0.7500000000000001, 139.4236107214428]
[0.0, 5.0, 8.0, 1.0, 0.85, 0.8000000000000002, 142.1761422845692]
[0.0, 5.0, 8.0, 1.0, 0.85, 0.8500000000000002, 145.26983096192404]
[0.0, 5.0, 8.0, 1.0, 0.85, 0.9000000000000002, 148.51416022044106]
[0.0, 5.0, 8.0, 1.0, 0.85, 0.9500000000000003, 152.23087314629277]
[1.0, 4.0, 8.0, 1.0, 0.85, 0.0, 132.7720440881786]
[1.0, 4.0, 8.0, 1.0, 0.85, 0.05, 132.84105761523045]
[1.0, 4.0, 8.0, 1.0, 0.85, 0.1, 132.91282434869717]
[1.0, 4.0, 8.0, 1.0, 0.85, 0.15000000000000002, 132.9848634268535]
[1.0, 4.0, 8.0, 1.0, 0.85, 0.2, 133.06003777555122]
[1.0, 4.0, 8.0, 1.0, 0.85, 0.25, 133.13653717434886]
[1.0, 4.0, 8.0, 1.0, 0.85, 0.3, 133.2227985971944]
[1.0, 4.0, 8.0, 1.0, 0.85, 0.35, 133.3172682364731]
[1.0, 4.0, 8.0, 1.0, 0.85, 0.39999999999999997, 133.4425266533066]
[1.0, 4.0, 8.0, 1.0, 0.85, 0.44999999999999996, 133.6697973947896]
[1.0, 4.0, 8.0, 1.0, 0.85, 0.49999999999999994, 134.31664609218424]
[1.0, 4.0, 8.0, 1.0, 0.85, 0.5499999999999999, 135.8695894789576]
[1.0, 4.0, 8.0, 1.0, 0.85, 0.6, 138.12569799599174]
[1.0, 4.0, 8.0, 1.0, 0.85, 0.65, 140.95518016032065]
[1.0, 4.0, 8.0, 1.0, 0.85, 0.7000000000000001, 144.13123957915832]
[1.0, 4.0, 8.0, 1.0, 0.85, 0.7500000000000001, 147.61995400801607]
[1.0, 4.0, 8.0, 1.0, 0.85, 0.8000000000000002, 151.435627254509]
[1.0, 4.0, 8.0, 1.0, 0.85, 0.8500000000000002, 154.54319739478962]
[1.0, 4.0, 8.0, 1.0, 0.85, 0.9000000000000002, 155.8512133266532]
[1.0, 4.0, 8.0, 1.0, 0.85, 0.9500000000000003, 156.0990073146297]
[2.0, 3.0, 8.0, 1.0, 0.85, 0.0, 132.7720440881786]
[2.0, 3.0, 8.0, 1.0, 0.85, 0.05, 132.8464900801603]
[2.0, 3.0, 8.0, 1.0, 0.85, 0.1, 132.92349088176343]
[2.0, 3.0, 8.0, 1.0, 0.85, 0.15000000000000002, 133.00541102204417]
[2.0, 3.0, 8.0, 1.0, 0.85, 0.2, 133.0938545090181]
[2.0, 3.0, 8.0, 1.0, 0.85, 0.25, 133.19531973947903]
[2.0, 3.0, 8.0, 1.0, 0.85, 0.3, 133.35360250501006]
[2.0, 3.0, 8.0, 1.0, 0.85, 0.35, 133.71196753507004]
[2.0, 3.0, 8.0, 1.0, 0.85, 0.39999999999999997, 134.8113686372745]
[2.0, 3.0, 8.0, 1.0, 0.85, 0.44999999999999996, 137.00817935871729]
[2.0, 3.0, 8.0, 1.0, 0.85, 0.49999999999999994, 139.77922945891808]
[2.0, 3.0, 8.0, 1.0, 0.85, 0.5499999999999999, 143.08828717434858]
[2.0, 3.0, 8.0, 1.0, 0.85, 0.6, 146.73278096192377]
[2.0, 3.0, 8.0, 1.0, 0.85, 0.65, 150.42611252505026]
[2.0, 3.0, 8.0, 1.0, 0.85, 0.7000000000000001, 153.2835569138276]
[2.0, 3.0, 8.0, 1.0, 0.85, 0.7500000000000001, 155.0607686372745]
[2.0, 3.0, 8.0, 1.0, 0.85, 0.8000000000000002, 155.7288854709417]
[2.0, 3.0, 8.0, 1.0, 0.85, 0.8500000000000002, 155.92283366733471]
[2.0, 3.0, 8.0, 1.0, 0.85, 0.9000000000000002, 156.03079969939884]
[2.0, 3.0, 8.0, 1.0, 0.85, 0.9500000000000003, 156.12115470941885]
[3.0, 2.0, 8.0, 1.0, 0.85, 0.0, 132.7720440881786]
[3.0, 2.0, 8.0, 1.0, 0.85, 0.05, 132.85407454909824]
[3.0, 2.0, 8.0, 1.0, 0.85, 0.1, 132.9417346693387]
[3.0, 2.0, 8.0, 1.0, 0.85, 0.15000000000000002, 133.0517477955911]
[3.0, 2.0, 8.0, 1.0, 0.85, 0.2, 133.25386182364747]
[3.0, 2.0, 8.0, 1.0, 0.85, 0.25, 133.91296362725444]
[3.0, 2.0, 8.0, 1.0, 0.85, 0.3, 135.72969208416845]
[3.0, 2.0, 8.0, 1.0, 0.85, 0.35, 138.55830100200396]
[3.0, 2.0, 8.0, 1.0, 0.85, 0.39999999999999997, 142.14049519038076]
[3.0, 2.0, 8.0, 1.0, 0.85, 0.44999999999999996, 146.00750240480946]
[3.0, 2.0, 8.0, 1.0, 0.85, 0.49999999999999994, 149.25155601202403]
[3.0, 2.0, 8.0, 1.0, 0.85, 0.5499999999999999, 152.041205210421]
[3.0, 2.0, 8.0, 1.0, 0.85, 0.6, 154.15139498998]
[3.0, 2.0, 8.0, 1.0, 0.85, 0.65, 155.2781718436873]
[3.0, 2.0, 8.0, 1.0, 0.85, 0.7000000000000001, 155.62332064128282]
[3.0, 2.0, 8.0, 1.0, 0.85, 0.7500000000000001, 155.77599959919834]
[3.0, 2.0, 8.0, 1.0, 0.85, 0.8000000000000002, 155.8836328657316]
[3.0, 2.0, 8.0, 1.0, 0.85, 0.8500000000000002, 155.96859509018023]
[3.0, 2.0, 8.0, 1.0, 0.85, 0.9000000000000002, 156.05049689378706]
[3.0, 2.0, 8.0, 1.0, 0.85, 0.9500000000000003, 156.12782324649302]
[4.0, 1.0, 8.0, 1.0, 0.85, 0.0, 132.7720440881786]
[4.0, 1.0, 8.0, 1.0, 0.85, 0.05, 132.87523837675357]
[4.0, 1.0, 8.0, 1.0, 0.85, 0.1, 133.1241749498998]
[4.0, 1.0, 8.0, 1.0, 0.85, 0.15000000000000002, 134.411077254509]
[4.0, 1.0, 8.0, 1.0, 0.85, 0.2, 137.65532414829664]
[4.0, 1.0, 8.0, 1.0, 0.85, 0.25, 141.43750741482953]
[4.0, 1.0, 8.0, 1.0, 0.85, 0.3, 144.90262645290574]
[4.0, 1.0, 8.0, 1.0, 0.85, 0.35, 148.11894118236484]
[4.0, 1.0, 8.0, 1.0, 0.85, 0.39999999999999997, 150.84053937875757]
[4.0, 1.0, 8.0, 1.0, 0.85, 0.44999999999999996, 153.10979138276528]
[4.0, 1.0, 8.0, 1.0, 0.85, 0.49999999999999994, 154.66207555110222]
[4.0, 1.0, 8.0, 1.0, 0.85, 0.5499999999999999, 155.31165581162344]
[4.0, 1.0, 8.0, 1.0, 0.85, 0.6, 155.52482324649293]
[4.0, 1.0, 8.0, 1.0, 0.85, 0.65, 155.65766042084152]
[4.0, 1.0, 8.0, 1.0, 0.85, 0.7000000000000001, 155.7526113226452]
[4.0, 1.0, 8.0, 1.0, 0.85, 0.7500000000000001, 155.83637505009995]
[4.0, 1.0, 8.0, 1.0, 0.85, 0.8000000000000002, 155.9145839679359]
[4.0, 1.0, 8.0, 1.0, 0.85, 0.8500000000000002, 155.99035200400823]
[4.0, 1.0, 8.0, 1.0, 0.85, 0.9000000000000002, 156.06114509018028]
[4.0, 1.0, 8.0, 1.0, 0.85, 0.9500000000000003, 156.13265360721425]
[5.0, 0.0, 8.0, 1.0, 0.85, 0.0, 132.7720440881786]
[5.0, 0.0, 8.0, 1.0, 0.85, 0.05, 136.7696054108218]
[5.0, 0.0, 8.0, 1.0, 0.85, 0.1, 140.39746873747492]
[5.0, 0.0, 8.0, 1.0, 0.85, 0.15000000000000002, 143.7570088176354]
[5.0, 0.0, 8.0, 1.0, 0.85, 0.2, 146.80928877755494]
[5.0, 0.0, 8.0, 1.0, 0.85, 0.25, 149.52894899799625]
[5.0, 0.0, 8.0, 1.0, 0.85, 0.3, 151.98044378757535]
[5.0, 0.0, 8.0, 1.0, 0.85, 0.35, 153.90875000000005]
[5.0, 0.0, 8.0, 1.0, 0.85, 0.39999999999999997, 154.93619348697374]
[5.0, 0.0, 8.0, 1.0, 0.85, 0.44999999999999996, 155.30371963927863]
[5.0, 0.0, 8.0, 1.0, 0.85, 0.49999999999999994, 155.4504704408819]
[5.0, 0.0, 8.0, 1.0, 0.85, 0.5499999999999999, 155.5551989979958]
[5.0, 0.0, 8.0, 1.0, 0.85, 0.6, 155.6410287575152]
[5.0, 0.0, 8.0, 1.0, 0.85, 0.65, 155.71794388777568]
[5.0, 0.0, 8.0, 1.0, 0.85, 0.7000000000000001, 155.7928813627255]
[5.0, 0.0, 8.0, 1.0, 0.85, 0.7500000000000001, 155.86409709418837]
[5.0, 0.0, 8.0, 1.0, 0.85, 0.8000000000000002, 155.93471973947896]
[5.0, 0.0, 8.0, 1.0, 0.85, 0.8500000000000002, 156.0029967935872]
[5.0, 0.0, 8.0, 1.0, 0.85, 0.9000000000000002, 156.0696181362723]
[5.0, 0.0, 8.0, 1.0, 0.85, 0.9500000000000003, 156.1369167334667]
