[0.0, 5.0, 8.0, 1.0, 0.55, 0.0, 85.91132264529013]
[0.0, 5.0, 8.0, 1.0, 0.55, 0.05, 86.10737655310606]
[0.0, 5.0, 8.0, 1.0, 0.55, 0.1, 86.3088935871743]
[0.0, 5.0, 8.0, 1.0, 0.55, 0.15000000000000002, 86.50954488977949]
[0.0, 5.0, 8.0, 1.0, 0.55, 0.2, 86.71455641282579]
[0.0, 5.0, 8.0, 1.0, 0.55, 0.25, 86.9214445891784]
[0.0, 5.0, 8.0, 1.0, 0.55, 0.3, 87.13637865731467]
[0.0, 5.0, 8.0, 1.0, 0.55, 0.35, 87.36132635270545]
[0.0, 5.0, 8.0, 1.0, 0.55, 0.39999999999999997, 87.5957024048097]
[0.0, 5.0, 8.0, 1.0, 0.55, 0.44999999999999996, 87.85109138276547]
[0.0, 5.0, 8.0, 1.0, 0.55, 0.49999999999999994, 88.15370060120244]
[0.0, 5.0, 8.0, 1.0, 0.55, 0.5499999999999999, 88.61416963927844]
[0.0, 5.0, 8.0, 1.0, 0.55, 0.6, 89.64585460921832]
[0.0, 5.0, 8.0, 1.0, 0.55, 0.65, 92.81293567134267]
[0.0, 5.0, 8.0, 1.0, 0.55, 0.7000000000000001, 98.5841865731463]
[0.0, 5.0, 8.0, 1.0, 0.55, 0.7500000000000001, 105.91238426853711]
[0.0, 5.0, 8.0, 1.0, 0.55, 0.8000000000000002, 113.99739358717444]
[0.0, 5.0, 8.0, 1.0, 0.55, 0.8500000000000002, 123.34640240480957]
[0.0, 5.0, 8.0, 1.0, 0.55, 0.9000000000000002, 133.48314208416843]
[0.0, 5.0, 8.0, 1.0, 0.55, 0.9500000000000003, 144.26038326653293]
[1.0, 4.0, 8.0, 1.0, 0.55, 0.0, 85.91132264529013]
[1.0, 4.0, 8.0, 1.0, 0.55, 0.05, 86.11980070140281]
[1.0, 4.0, 8.0, 1.0, 0.55, 0.1, 86.33675841683362]
[1.0, 4.0, 8.0, 1.0, 0.55, 0.15000000000000002, 86.55056252505018]
[1.0, 4.0, 8.0, 1.0, 0.55, 0.2, 86.77409799599201]
[1.0, 4.0, 8.0, 1.0, 0.55, 0.25, 87.00659378757516]
[1.0, 4.0, 8.0, 1.0, 0.55, 0.3, 87.25517144288574]
[1.0, 4.0, 8.0, 1.0, 0.55, 0.35, 87.54243196392785]
[1.0, 4.0, 8.0, 1.0, 0.55, 0.39999999999999997, 87.91686533066145]
[1.0, 4.0, 8.0, 1.0, 0.55, 0.44999999999999996, 88.59502074148287]
[1.0, 4.0, 8.0, 1.0, 0.55, 0.49999999999999994, 90.56339919839692]
[1.0, 4.0, 8.0, 1.0, 0.55, 0.5499999999999999, 95.30872134268525]
[1.0, 4.0, 8.0, 1.0, 0.55, 0.6, 102.18079579158315]
[1.0, 4.0, 8.0, 1.0, 0.55, 0.65, 110.5023328657316]
[1.0, 4.0, 8.0, 1.0, 0.55, 0.7000000000000001, 119.64061633266532]
[1.0, 4.0, 8.0, 1.0, 0.55, 0.7500000000000001, 130.5191237474951]
[1.0, 4.0, 8.0, 1.0, 0.55, 0.8000000000000002, 141.43007805611234]
[1.0, 4.0, 8.0, 1.0, 0.55, 0.8500000000000002, 151.13713266533065]
[1.0, 4.0, 8.0, 1.0, 0.55, 0.9000000000000002, 155.1731592184367]
[1.0, 4.0, 8.0, 1.0, 0.55, 0.9500000000000003, 155.8952784569141]
[2.0, 3.0, 8.0, 1.0, 0.55, 0.0, 85.91132264529013]
[2.0, 3.0, 8.0, 1.0, 0.55, 0.05, 86.13678256513047]
[2.0, 3.0, 8.0, 1.0, 0.55, 0.1, 86.36688136272538]
[2.0, 3.0, 8.0, 1.0, 0.55, 0.15000000000000002, 86.61104649298602]
[2.0, 3.0, 8.0, 1.0, 0.55, 0.2, 86.86983707414825]
[2.0, 3.0, 8.0, 1.0, 0.55, 0.25, 87.19609699398806]
[2.0, 3.0, 8.0, 1.0, 0.55, 0.3, 87.64802955911811]
[2.0, 3.0, 8.0, 1.0, 0.55, 0.35, 88.6920457915831]
[2.0, 3.0, 8.0, 1.0, 0.55, 0.39999999999999997, 92.08929238476951]
[2.0, 3.0, 8.0, 1.0, 0.55, 0.44999999999999996, 98.47235841683373]
[2.0, 3.0, 8.0, 1.0, 0.55, 0.49999999999999994, 106.7363279559117]
[2.0, 3.0, 8.0, 1.0, 0.55, 0.5499999999999999, 116.77941623246487]
[2.0, 3.0, 8.0, 1.0, 0.55, 0.6, 127.89521973947909]
[2.0, 3.0, 8.0, 1.0, 0.55, 0.65, 138.57396683366716]
[2.0, 3.0, 8.0, 1.0, 0.55, 0.7000000000000001, 147.38302074148288]
[2.0, 3.0, 8.0, 1.0, 0.55, 0.7500000000000001, 152.84173446893797]
[2.0, 3.0, 8.0, 1.0, 0.55, 0.8000000000000002, 154.79014428857738]
[2.0, 3.0, 8.0, 1.0, 0.55, 0.8500000000000002, 155.35841042084155]
[2.0, 3.0, 8.0, 1.0, 0.55, 0.9000000000000002, 155.6937902805608]
[2.0, 3.0, 8.0, 1.0, 0.55, 0.9500000000000003, 155.9590053106205]
[3.0, 2.0, 8.0, 1.0, 0.55, 0.0, 85.91132264529013]
[3.0, 2.0, 8.0, 1.0, 0.55, 0.05, 86.15855120240501]
[3.0, 2.0, 8.0, 1.0, 0.55, 0.1, 86.42370761523038]
[3.0, 2.0, 8.0, 1.0, 0.55, 0.15000000000000002, 86.76566252505009]
[3.0, 2.0, 8.0, 1.0, 0.55, 0.2, 87.32282024048104]
[3.0, 2.0, 8.0, 1.0, 0.55, 0.25, 89.23573777555141]
[3.0, 2.0, 8.0, 1.0, 0.55, 0.3, 94.71623186372736]
[3.0, 2.0, 8.0, 1.0, 0.55, 0.35, 103.38676783567135]
[3.0, 2.0, 8.0, 1.0, 0.55, 0.39999999999999997, 114.16606963927863]
[3.0, 2.0, 8.0, 1.0, 0.55, 0.44999999999999996, 125.20852404809631]
[3.0, 2.0, 8.0, 1.0, 0.55, 0.49999999999999994, 135.4383893787575]
[3.0, 2.0, 8.0, 1.0, 0.55, 0.5499999999999999, 143.7843833667335]
[3.0, 2.0, 8.0, 1.0, 0.55, 0.6, 150.02310851703407]
[3.0, 2.0, 8.0, 1.0, 0.55, 0.65, 153.40753326653288]
[3.0, 2.0, 8.0, 1.0, 0.55, 0.7000000000000001, 154.46406563126263]
[3.0, 2.0, 8.0, 1.0, 0.55, 0.7500000000000001, 154.9308770541085]
[3.0, 2.0, 8.0, 1.0, 0.55, 0.8000000000000002, 155.24336553106215]
[3.0, 2.0, 8.0, 1.0, 0.55, 0.8500000000000002, 155.50744068136282]
[3.0, 2.0, 8.0, 1.0, 0.55, 0.9000000000000002, 155.74885170340647]
[3.0, 2.0, 8.0, 1.0, 0.55, 0.9500000000000003, 155.976305511021]
[4.0, 1.0, 8.0, 1.0, 0.55, 0.0, 85.91132264529013]
[4.0, 1.0, 8.0, 1.0, 0.55, 0.05, 86.22216262525048]
[4.0, 1.0, 8.0, 1.0, 0.55, 0.1, 86.9716687374749]
[4.0, 1.0, 8.0, 1.0, 0.55, 0.15000000000000002, 90.91090651302612]
[4.0, 1.0, 8.0, 1.0, 0.55, 0.2, 100.57878767535067]
[4.0, 1.0, 8.0, 1.0, 0.55, 0.25, 111.91337685370746]
[4.0, 1.0, 8.0, 1.0, 0.55, 0.3, 122.22369028056116]
[4.0, 1.0, 8.0, 1.0, 0.55, 0.35, 131.7978578156314]
[4.0, 1.0, 8.0, 1.0, 0.55, 0.39999999999999997, 139.84248977955923]
[4.0, 1.0, 8.0, 1.0, 0.55, 0.44999999999999996, 147.05660120240503]
[4.0, 1.0, 8.0, 1.0, 0.55, 0.49999999999999994, 151.57764028056116]
[4.0, 1.0, 8.0, 1.0, 0.55, 0.5499999999999999, 153.49380971943896]
[4.0, 1.0, 8.0, 1.0, 0.55, 0.6, 154.20274098196379]
[4.0, 1.0, 8.0, 1.0, 0.55, 0.65, 154.56841783567126]
[4.0, 1.0, 8.0, 1.0, 0.55, 0.7000000000000001, 154.86015581162334]
[4.0, 1.0, 8.0, 1.0, 0.55, 0.7500000000000001, 155.10729148296582]
[4.0, 1.0, 8.0, 1.0, 0.55, 0.8000000000000002, 155.33813787575176]
[4.0, 1.0, 8.0, 1.0, 0.55, 0.8500000000000002, 155.5655808617239]
[4.0, 1.0, 8.0, 1.0, 0.55, 0.9000000000000002, 155.77752094188347]
[4.0, 1.0, 8.0, 1.0, 0.55, 0.9500000000000003, 155.99186072144195]
[5.0, 0.0, 8.0, 1.0, 0.55, 0.0, 85.91132264529013]
[5.0, 0.0, 8.0, 1.0, 0.55, 0.05, 97.72487685370747]
[5.0, 0.0, 8.0, 1.0, 0.55, 0.1, 108.67705891783578]
[5.0, 0.0, 8.0, 1.0, 0.55, 0.15000000000000002, 118.81826793587182]
[5.0, 0.0, 8.0, 1.0, 0.55, 0.2, 128.10613356713426]
[5.0, 0.0, 8.0, 1.0, 0.55, 0.25, 136.3488160320641]
[5.0, 0.0, 8.0, 1.0, 0.55, 0.3, 143.3508421843687]
[5.0, 0.0, 8.0, 1.0, 0.55, 0.35, 149.29352505010021]
[5.0, 0.0, 8.0, 1.0, 0.55, 0.39999999999999997, 152.46649128256493]
[5.0, 0.0, 8.0, 1.0, 0.55, 0.44999999999999996, 153.50232094188368]
[5.0, 0.0, 8.0, 1.0, 0.55, 0.49999999999999994, 153.9421440881762]
[5.0, 0.0, 8.0, 1.0, 0.55, 0.5499999999999999, 154.25861042084145]
[5.0, 0.0, 8.0, 1.0, 0.55, 0.6, 154.51168266533068]
[5.0, 0.0, 8.0, 1.0, 0.55, 0.65, 154.75720861723445]
[5.0, 0.0, 8.0, 1.0, 0.55, 0.7000000000000001, 154.97417895791605]
[5.0, 0.0, 8.0, 1.0, 0.55, 0.7500000000000001, 155.189829058116]
[5.0, 0.0, 8.0, 1.0, 0.55, 0.8000000000000002, 155.4030406813623]
[5.0, 0.0, 8.0, 1.0, 0.55, 0.8500000000000002, 155.60286052104257]
[5.0, 0.0, 8.0, 1.0, 0.55, 0.9000000000000002, 155.8050088176356]
[5.0, 0.0, 8.0, 1.0, 0.55, 0.9500000000000003, 156.00650601202295]
