[0.0, 5.0, 8.0, 1.0, 0.35, 0.0, 54.670841683366156]
[0.0, 5.0, 8.0, 1.0, 0.35, 0.05, 54.95742264529056]
[0.0, 5.0, 8.0, 1.0, 0.35, 0.1, 55.246815931863786]
[0.0, 5.0, 8.0, 1.0, 0.35, 0.15000000000000002, 55.54054689378758]
[0.0, 5.0, 8.0, 1.0, 0.35, 0.2, 55.82996883767531]
[0.0, 5.0, 8.0, 1.0, 0.35, 0.25, 56.13482404809627]
[0.0, 5.0, 8.0, 1.0, 0.35, 0.3, 56.447449298597185]
[0.0, 5.0, 8.0, 1.0, 0.35, 0.35, 56.766553707414815]
[0.0, 5.0, 8.0, 1.0, 0.35, 0.39999999999999997, 57.09888607214421]
[0.0, 5.0, 8.0, 1.0, 0.35, 0.44999999999999996, 57.47580270541088]
[0.0, 5.0, 8.0, 1.0, 0.35, 0.49999999999999994, 57.93378306613228]
[0.0, 5.0, 8.0, 1.0, 0.35, 0.5499999999999999, 58.58742515030056]
[0.0, 5.0, 8.0, 1.0, 0.35, 0.6, 60.00970851703408]
[0.0, 5.0, 8.0, 1.0, 0.35, 0.65, 64.63438296593186]
[0.0, 5.0, 8.0, 1.0, 0.35, 0.7000000000000001, 73.206039779559]
[0.0, 5.0, 8.0, 1.0, 0.35, 0.7500000000000001, 83.30820951903816]
[0.0, 5.0, 8.0, 1.0, 0.35, 0.8000000000000002, 95.32493016032078]
[0.0, 5.0, 8.0, 1.0, 0.35, 0.8500000000000002, 108.72156823647292]
[0.0, 5.0, 8.0, 1.0, 0.35, 0.9000000000000002, 123.2427180360722]
[0.0, 5.0, 8.0, 1.0, 0.35, 0.9500000000000003, 138.9093684368738]
[1.0, 4.0, 8.0, 1.0, 0.35, 0.0, 54.670841683366156]
[1.0, 4.0, 8.0, 1.0, 0.35, 0.05, 54.97389539078156]
[1.0, 4.0, 8.0, 1.0, 0.35, 0.1, 55.27475681362721]
[1.0, 4.0, 8.0, 1.0, 0.35, 0.15000000000000002, 55.58986482965934]
[1.0, 4.0, 8.0, 1.0, 0.35, 0.2, 55.91433857715424]
[1.0, 4.0, 8.0, 1.0, 0.35, 0.25, 56.25782124248501]
[1.0, 4.0, 8.0, 1.0, 0.35, 0.3, 56.629033767535084]
[1.0, 4.0, 8.0, 1.0, 0.35, 0.35, 57.02816242484973]
[1.0, 4.0, 8.0, 1.0, 0.35, 0.39999999999999997, 57.58893136272548]
[1.0, 4.0, 8.0, 1.0, 0.35, 0.44999999999999996, 58.53329669338673]
[1.0, 4.0, 8.0, 1.0, 0.35, 0.49999999999999994, 61.14539789579154]
[1.0, 4.0, 8.0, 1.0, 0.35, 0.5499999999999999, 67.98098677354714]
[1.0, 4.0, 8.0, 1.0, 0.35, 0.6, 78.03186122244489]
[1.0, 4.0, 8.0, 1.0, 0.35, 0.65, 90.18313837675349]
[1.0, 4.0, 8.0, 1.0, 0.35, 0.7000000000000001, 103.87121092184351]
[1.0, 4.0, 8.0, 1.0, 0.35, 0.7500000000000001, 118.46927955911825]
[1.0, 4.0, 8.0, 1.0, 0.35, 0.8000000000000002, 135.3290720440883]
[1.0, 4.0, 8.0, 1.0, 0.35, 0.8500000000000002, 148.8729891783566]
[1.0, 4.0, 8.0, 1.0, 0.35, 0.9000000000000002, 154.6774474949901]
[1.0, 4.0, 8.0, 1.0, 0.35, 0.9500000000000003, 155.7573423847697]
[2.0, 3.0, 8.0, 1.0, 0.35, 0.0, 54.670841683366156]
[2.0, 3.0, 8.0, 1.0, 0.35, 0.05, 54.995865130260455]
[2.0, 3.0, 8.0, 1.0, 0.35, 0.1, 55.327047294589164]
[2.0, 3.0, 8.0, 1.0, 0.35, 0.15000000000000002, 55.68070591182366]
[2.0, 3.0, 8.0, 1.0, 0.35, 0.2, 56.06193416833674]
[2.0, 3.0, 8.0, 1.0, 0.35, 0.25, 56.507425150300634]
[2.0, 3.0, 8.0, 1.0, 0.35, 0.3, 57.16824589178355]
[2.0, 3.0, 8.0, 1.0, 0.35, 0.35, 58.66698046092181]
[2.0, 3.0, 8.0, 1.0, 0.35, 0.39999999999999997, 63.45624689378751]
[2.0, 3.0, 8.0, 1.0, 0.35, 0.44999999999999996, 72.69863206412818]
[2.0, 3.0, 8.0, 1.0, 0.35, 0.49999999999999994, 84.87885310621249]
[2.0, 3.0, 8.0, 1.0, 0.35, 0.5499999999999999, 99.47907494989978]
[2.0, 3.0, 8.0, 1.0, 0.35, 0.6, 115.29156242484969]
[2.0, 3.0, 8.0, 1.0, 0.35, 0.65, 131.2443886773547]
[2.0, 3.0, 8.0, 1.0, 0.35, 0.7000000000000001, 143.4648042084168]
[2.0, 3.0, 8.0, 1.0, 0.35, 0.7500000000000001, 151.28863537074153]
[2.0, 3.0, 8.0, 1.0, 0.35, 0.8000000000000002, 154.14914338677346]
[2.0, 3.0, 8.0, 1.0, 0.35, 0.8500000000000002, 154.97746352705417]
[2.0, 3.0, 8.0, 1.0, 0.35, 0.9000000000000002, 155.46656963927862]
[2.0, 3.0, 8.0, 1.0, 0.35, 0.9500000000000003, 155.85019078156324]
[3.0, 2.0, 8.0, 1.0, 0.35, 0.0, 54.670841683366156]
[3.0, 2.0, 8.0, 1.0, 0.35, 0.05, 55.02073577154309]
[3.0, 2.0, 8.0, 1.0, 0.35, 0.1, 55.40926773547091]
[3.0, 2.0, 8.0, 1.0, 0.35, 0.15000000000000002, 55.89896392785573]
[3.0, 2.0, 8.0, 1.0, 0.35, 0.2, 56.70608677354708]
[3.0, 2.0, 8.0, 1.0, 0.35, 0.25, 59.47286583166343]
[3.0, 2.0, 8.0, 1.0, 0.35, 0.3, 67.670323246493]
[3.0, 2.0, 8.0, 1.0, 0.35, 0.35, 79.99723717434883]
[3.0, 2.0, 8.0, 1.0, 0.35, 0.39999999999999997, 95.41788406813625]
[3.0, 2.0, 8.0, 1.0, 0.35, 0.44999999999999996, 111.9933490981964]
[3.0, 2.0, 8.0, 1.0, 0.35, 0.49999999999999994, 126.31231633266526]
[3.0, 2.0, 8.0, 1.0, 0.35, 0.5499999999999999, 138.03744749499012]
[3.0, 2.0, 8.0, 1.0, 0.35, 0.6, 147.31857344689385]
[3.0, 2.0, 8.0, 1.0, 0.35, 0.65, 152.2539648296593]
[3.0, 2.0, 8.0, 1.0, 0.35, 0.7000000000000001, 153.70333587174332]
[3.0, 2.0, 8.0, 1.0, 0.35, 0.7500000000000001, 154.36071643286576]
[3.0, 2.0, 8.0, 1.0, 0.35, 0.8000000000000002, 154.81366092184385]
[3.0, 2.0, 8.0, 1.0, 0.35, 0.8500000000000002, 155.20246903807626]
[3.0, 2.0, 8.0, 1.0, 0.35, 0.9000000000000002, 155.54451102204393]
[3.0, 2.0, 8.0, 1.0, 0.35, 0.9500000000000003, 155.88374589178366]
[4.0, 1.0, 8.0, 1.0, 0.35, 0.0, 54.670841683366156]
[4.0, 1.0, 8.0, 1.0, 0.35, 0.05, 55.12119659318635]
[4.0, 1.0, 8.0, 1.0, 0.35, 0.1, 56.18185851703403]
[4.0, 1.0, 8.0, 1.0, 0.35, 0.15000000000000002, 61.793373647294565]
[4.0, 1.0, 8.0, 1.0, 0.35, 0.2, 75.59203476953901]
[4.0, 1.0, 8.0, 1.0, 0.35, 0.25, 92.41230621242475]
[4.0, 1.0, 8.0, 1.0, 0.35, 0.3, 107.34082494989995]
[4.0, 1.0, 8.0, 1.0, 0.35, 0.35, 121.13358787575154]
[4.0, 1.0, 8.0, 1.0, 0.35, 0.39999999999999997, 132.8798837675351]
[4.0, 1.0, 8.0, 1.0, 0.35, 0.44999999999999996, 142.8523778557115]
[4.0, 1.0, 8.0, 1.0, 0.35, 0.49999999999999994, 149.60306943887755]
[4.0, 1.0, 8.0, 1.0, 0.35, 0.5499999999999999, 152.37353486973964]
[4.0, 1.0, 8.0, 1.0, 0.35, 0.6, 153.28488697394783]
[4.0, 1.0, 8.0, 1.0, 0.35, 0.65, 153.83812034068146]
[4.0, 1.0, 8.0, 1.0, 0.35, 0.7000000000000001, 154.2570472945888]
[4.0, 1.0, 8.0, 1.0, 0.35, 0.7500000000000001, 154.61560110220424]
[4.0, 1.0, 8.0, 1.0, 0.35, 0.8000000000000002, 154.9580221442885]
[4.0, 1.0, 8.0, 1.0, 0.35, 0.8500000000000002, 155.27799278557094]
[4.0, 1.0, 8.0, 1.0, 0.35, 0.9000000000000002, 155.59267875751522]
[4.0, 1.0, 8.0, 1.0, 0.35, 0.9500000000000003, 155.90013396793623]
[5.0, 0.0, 8.0, 1.0, 0.35, 0.0, 54.670841683366156]
[5.0, 0.0, 8.0, 1.0, 0.35, 0.05, 71.84690931863742]
[5.0, 0.0, 8.0, 1.0, 0.35, 0.1, 87.6562861723447]
[5.0, 0.0, 8.0, 1.0, 0.35, 0.15000000000000002, 102.00859619238472]
[5.0, 0.0, 8.0, 1.0, 0.35, 0.2, 115.28482665330671]
[5.0, 0.0, 8.0, 1.0, 0.35, 0.25, 127.52948366733455]
[5.0, 0.0, 8.0, 1.0, 0.35, 0.3, 137.75138106212424]
[5.0, 0.0, 8.0, 1.0, 0.35, 0.35, 146.1245442885774]
[5.0, 0.0, 8.0, 1.0, 0.35, 0.39999999999999997, 150.84667835671348]
[5.0, 0.0, 8.0, 1.0, 0.35, 0.44999999999999996, 152.3228570140282]
[5.0, 0.0, 8.0, 1.0, 0.35, 0.49999999999999994, 152.9484370741483]
[5.0, 0.0, 8.0, 1.0, 0.35, 0.5499999999999999, 153.39033677354723]
[5.0, 0.0, 8.0, 1.0, 0.35, 0.6, 153.76953036072132]
[5.0, 0.0, 8.0, 1.0, 0.35, 0.65, 154.103718937876]
[5.0, 0.0, 8.0, 1.0, 0.35, 0.7000000000000001, 154.42834118236468]
[5.0, 0.0, 8.0, 1.0, 0.35, 0.7500000000000001, 154.74250611222433]
[5.0, 0.0, 8.0, 1.0, 0.35, 0.8000000000000002, 155.04689498998]
[5.0, 0.0, 8.0, 1.0, 0.35, 0.8500000000000002, 155.34147004008045]
[5.0, 0.0, 8.0, 1.0, 0.35, 0.9000000000000002, 155.6267145290583]
[5.0, 0.0, 8.0, 1.0, 0.35, 0.9500000000000003, 155.91594238476955]
