[0.0, 5.0, 8.0, 1.0, 0.8, 1.0, 6.4, 6.4, 6.4]
[0.0, 5.0, 8.0, 1.0, 0.8, 21.0, 237.40000000000003, 227.40000000000003, 236.2]
[0.0, 5.0, 8.0, 1.0, 0.8, 41.0, 707.4, 697.4, 701.4]
[0.0, 5.0, 8.0, 1.0, 0.8, 61.0, 1402.0, 1392.0, 1371.5999999999997]
[0.0, 5.0, 8.0, 1.0, 0.8, 81.0, 2319.2, 2293.7999999999993, 2289.5999999999995]
[0.0, 5.0, 8.0, 1.0, 0.8, 101.0, 3471.800000000001, 3451.800000000001, 3447.6000000000004]
[0.0, 5.0, 8.0, 1.0, 0.8, 121.0, 4857.000000000001, 4837.000000000001, 4779.999999999999]
[0.0, 5.0, 8.0, 1.0, 0.8, 141.0, 6470.399999999999, 6403.200000000001, 6386.0]
[0.0, 5.0, 8.0, 1.0, 0.8, 161.0, 8279.2, 8249.2, 8232.0]
[0.0, 5.0, 8.0, 1.0, 0.8, 181.0, 10365.199999999999, 10335.199999999999, 10280.200000000004]
[0.0, 5.0, 8.0, 1.0, 0.8, 201.0, 12646.599999999999, 12555.599999999997, 12524.399999999994]
[0.0, 5.0, 8.0, 1.0, 0.8, 221.0, 15150.599999999999, 15089.600000000002, 15058.399999999998]
[0.0, 5.0, 8.0, 1.0, 0.8, 241.0, 17903.6, 17863.6, 17808.4]
[0.0, 5.0, 8.0, 1.0, 0.8, 261.0, 20863.799999999996, 20823.799999999996, 20705.8]
[0.0, 5.0, 8.0, 1.0, 0.8, 281.0, 24046.6, 23972.0, 23927.800000000003]
[0.0, 5.0, 8.0, 1.0, 0.8, 301.0, 27484.0, 27434.0, 27389.800000000003]
[0.0, 5.0, 8.0, 1.0, 0.8, 321.0, 31154.0, 31104.0, 30930.199999999997]
[0.0, 5.0, 8.0, 1.0, 0.8, 341.0, 35052.200000000004, 34897.4, 34840.200000000004]
[0.0, 5.0, 8.0, 1.0, 0.8, 361.0, 39107.399999999994, 39047.399999999994, 38990.2]
[0.0, 5.0, 8.0, 1.0, 0.8, 381.0, 43497.39999999999, 43437.39999999999, 43304.00000000001]
[0.0, 5.0, 8.0, 1.0, 0.8, 401.0, 48044.39999999999, 47865.80000000002, 47794.600000000006]
[0.0, 5.0, 8.0, 1.0, 0.8, 421.0, 52813.99999999999, 52703.80000000001, 52632.6]
[0.0, 5.0, 8.0, 1.0, 0.8, 441.0, 57851.799999999996, 57781.799999999996, 57667.39999999999]
[0.0, 5.0, 8.0, 1.0, 0.8, 461.0, 63077.59999999999, 63007.59999999999, 62791.999999999985]
[0.0, 5.0, 8.0, 1.0, 0.8, 481.0, 68526.00000000001, 68402.20000000001, 68318.0]
[1.0, 4.0, 8.0, 1.0, 0.8, 1.0, 6.4, 6.4, 6.4]
[1.0, 4.0, 8.0, 1.0, 0.8, 21.0, 233.0, 226.2, 233.60000000000005]
[1.0, 4.0, 8.0, 1.0, 0.8, 41.0, 688.0, 685.2, 687.6]
[1.0, 4.0, 8.0, 1.0, 0.8, 61.0, 1364.1999999999998, 1359.0000000000002, 1344.1999999999998]
[1.0, 4.0, 8.0, 1.0, 0.8, 81.0, 2260.0, 2241.9999999999995, 2238.4]
[1.0, 4.0, 8.0, 1.0, 0.8, 101.0, 3377.8, 3366.600000000001, 3363.0000000000005]
[1.0, 4.0, 8.0, 1.0, 0.8, 121.0, 4718.4, 4708.6, 4663.800000000001]
[1.0, 4.0, 8.0, 1.0, 0.8, 141.0, 6278.5999999999985, 6237.199999999997, 6223.6]
[1.0, 4.0, 8.0, 1.0, 0.8, 161.0, 8042.5999999999985, 8027.399999999999, 8013.800000000001]
[1.0, 4.0, 8.0, 1.0, 0.8, 181.0, 10044.799999999994, 10048.0, 9996.4]
[1.0, 4.0, 8.0, 1.0, 0.8, 201.0, 12247.199999999995, 12212.799999999997, 12188.200000000003]
[1.0, 4.0, 8.0, 1.0, 0.8, 221.0, 14687.399999999994, 14668.599999999999, 14644.000000000002]
[1.0, 4.0, 8.0, 1.0, 0.8, 241.0, 17350.4, 17354.8, 17305.999999999996]
[1.0, 4.0, 8.0, 1.0, 0.8, 261.0, 20234.600000000002, 20217.400000000005, 20132.199999999997]
[1.0, 4.0, 8.0, 1.0, 0.8, 281.0, 23338.40000000001, 23289.19999999999, 23253.600000000002]
[1.0, 4.0, 8.0, 1.0, 0.8, 301.0, 26664.199999999993, 26640.999999999993, 26605.4]
[1.0, 4.0, 8.0, 1.0, 0.8, 321.0, 30212.8, 30190.999999999996, 30056.599999999988]
[1.0, 4.0, 8.0, 1.0, 0.8, 341.0, 33981.0, 33889.200000000004, 33843.59999999999]
[1.0, 4.0, 8.0, 1.0, 0.8, 361.0, 37933.79999999999, 37906.6, 37861.0]
[1.0, 4.0, 8.0, 1.0, 0.8, 381.0, 42144.00000000002, 42154.4, 42032.40000000001]
[1.0, 4.0, 8.0, 1.0, 0.8, 401.0, 46535.200000000026, 46469.60000000001, 46413.0]
[1.0, 4.0, 8.0, 1.0, 0.8, 421.0, 51183.40000000001, 51152.59999999999, 51095.99999999999]
[1.0, 4.0, 8.0, 1.0, 0.8, 441.0, 56054.39999999998, 56066.0, 55965.999999999985]
[1.0, 4.0, 8.0, 1.0, 0.8, 461.0, 61146.60000000001, 61117.400000000016, 60961.8]
[1.0, 4.0, 8.0, 1.0, 0.8, 481.0, 66458.4, 66378.00000000003, 66310.4]
[2.0, 3.0, 8.0, 1.0, 0.8, 1.0, 6.4, 6.4, 6.4]
[2.0, 3.0, 8.0, 1.0, 0.8, 21.0, 230.20000000000002, 224.99999999999997, 230.99999999999994]
[2.0, 3.0, 8.0, 1.0, 0.8, 41.0, 672.2000000000002, 672.2, 673.0000000000002]
[2.0, 3.0, 8.0, 1.0, 0.8, 61.0, 1325.6000000000001, 1323.8000000000002, 1316.0000000000002]
[2.0, 3.0, 8.0, 1.0, 0.8, 81.0, 2191.2, 2187.5999999999995, 2185.6]
[2.0, 3.0, 8.0, 1.0, 0.8, 101.0, 3271.400000000001, 3277.3999999999987, 3275.3999999999996]
[2.0, 3.0, 8.0, 1.0, 0.8, 121.0, 4576.5999999999985, 4575.4, 4544.200000000002]
[2.0, 3.0, 8.0, 1.0, 0.8, 141.0, 6068.5999999999985, 6066.399999999998, 6056.399999999999]
[2.0, 3.0, 8.0, 1.0, 0.8, 161.0, 7803.399999999999, 7799.999999999997, 7789.999999999999]
[2.0, 3.0, 8.0, 1.0, 0.8, 181.0, 9737.200000000003, 9753.799999999997, 9705.599999999997]
[2.0, 3.0, 8.0, 1.0, 0.8, 201.0, 11863.000000000004, 11862.600000000004, 11844.600000000004]
[2.0, 3.0, 8.0, 1.0, 0.8, 221.0, 14241.000000000002, 14238.800000000001, 14220.8]
[2.0, 3.0, 8.0, 1.0, 0.8, 241.0, 16814.199999999993, 16836.4, 16793.999999999996]
[2.0, 3.0, 8.0, 1.0, 0.8, 261.0, 19598.799999999992, 19600.000000000007, 19549.000000000007]
[2.0, 3.0, 8.0, 1.0, 0.8, 281.0, 22595.599999999995, 22595.0, 22568.99999999999]
[2.0, 3.0, 8.0, 1.0, 0.8, 301.0, 25807.0, 25835.199999999993, 25809.19999999999]
[2.0, 3.0, 8.0, 1.0, 0.8, 321.0, 29262.600000000002, 29264.400000000005, 29170.799999999992]
[2.0, 3.0, 8.0, 1.0, 0.8, 341.0, 32866.6, 32867.40000000001, 32833.40000000001]
[2.0, 3.0, 8.0, 1.0, 0.8, 361.0, 36751.79999999999, 36751.39999999998, 36717.39999999999]
[2.0, 3.0, 8.0, 1.0, 0.8, 381.0, 40816.79999999999, 40855.59999999999, 40745.00000000002]
[2.0, 3.0, 8.0, 1.0, 0.8, 401.0, 45054.59999999998, 45057.19999999998, 45015.19999999999]
[2.0, 3.0, 8.0, 1.0, 0.8, 421.0, 49583.0, 49583.8, 49541.80000000002]
[2.0, 3.0, 8.0, 1.0, 0.8, 441.0, 54287.39999999998, 54331.80000000001, 54246.2]
[2.0, 3.0, 8.0, 1.0, 0.8, 461.0, 59203.19999999999, 59207.40000000003, 59113.20000000004]
[2.0, 3.0, 8.0, 1.0, 0.8, 481.0, 64331.2, 64333.60000000003, 64283.60000000004]
[3.0, 2.0, 8.0, 1.0, 0.8, 1.0, 6.4, 6.4, 6.4]
[3.0, 2.0, 8.0, 1.0, 0.8, 21.0, 229.0, 223.79999999999998, 228.40000000000003]
[3.0, 2.0, 8.0, 1.0, 0.8, 41.0, 665.8000000000002, 657.3999999999999, 656.6]
[3.0, 2.0, 8.0, 1.0, 0.8, 61.0, 1302.1999999999996, 1286.3999999999994, 1286.0000000000002]
[3.0, 2.0, 8.0, 1.0, 0.8, 81.0, 2153.399999999999, 2129.6, 2129.2]
[3.0, 2.0, 8.0, 1.0, 0.8, 101.0, 3203.3999999999987, 3184.2, 3183.7999999999997]
[3.0, 2.0, 8.0, 1.0, 0.8, 121.0, 4469.799999999999, 4436.400000000001, 4420.199999999999]
[3.0, 2.0, 8.0, 1.0, 0.8, 141.0, 5928.599999999999, 5889.799999999999, 5884.399999999998]
[3.0, 2.0, 8.0, 1.0, 0.8, 161.0, 7594.599999999999, 7565.0, 7559.5999999999985]
[3.0, 2.0, 8.0, 1.0, 0.8, 181.0, 9482.999999999998, 9451.600000000002, 9407.800000000001]
[3.0, 2.0, 8.0, 1.0, 0.8, 201.0, 11557.799999999997, 11504.000000000002, 11492.6]
[3.0, 2.0, 8.0, 1.0, 0.8, 221.0, 13839.400000000003, 13800.200000000006, 13788.80000000001]
[3.0, 2.0, 8.0, 1.0, 0.8, 241.0, 16349.799999999996, 16307.400000000001, 16271.400000000005]
[3.0, 2.0, 8.0, 1.0, 0.8, 261.0, 19040.6, 18971.599999999977, 18955.199999999993]
[3.0, 2.0, 8.0, 1.0, 0.8, 281.0, 21965.39999999999, 21888.39999999998, 21871.999999999978]
[3.0, 2.0, 8.0, 1.0, 0.8, 301.0, 25069.799999999992, 25016.599999999984, 25000.199999999997]
[3.0, 2.0, 8.0, 1.0, 0.8, 321.0, 28409.800000000007, 28323.199999999986, 28271.800000000003]
[3.0, 2.0, 8.0, 1.0, 0.8, 341.0, 31922.999999999993, 31830.99999999999, 31809.599999999995]
[3.0, 2.0, 8.0, 1.0, 0.8, 361.0, 35643.400000000016, 35579.79999999995, 35558.39999999997]
[3.0, 2.0, 8.0, 1.0, 0.8, 381.0, 39605.4, 39540.0, 39441.799999999974]
[3.0, 2.0, 8.0, 1.0, 0.8, 401.0, 43734.60000000002, 43627.59999999995, 43600.19999999996]
[3.0, 2.0, 8.0, 1.0, 0.8, 421.0, 48070.6, 47997.39999999996, 47969.99999999996]
[3.0, 2.0, 8.0, 1.0, 0.8, 441.0, 52654.60000000001, 52578.200000000004, 52506.99999999998]
[3.0, 2.0, 8.0, 1.0, 0.8, 461.0, 57399.80000000001, 57277.6, 57245.19999999999]
[3.0, 2.0, 8.0, 1.0, 0.8, 481.0, 62398.20000000002, 62268.00000000001, 62235.60000000001]
[4.0, 1.0, 8.0, 1.0, 0.8, 1.0, 6.4, 6.4, 6.4]
[4.0, 1.0, 8.0, 1.0, 0.8, 21.0, 221.39999999999998, 218.6, 221.79999999999998]
[4.0, 1.0, 8.0, 1.0, 0.8, 41.0, 639.8000000000002, 640.8000000000001, 638.4000000000001]
[4.0, 1.0, 8.0, 1.0, 0.8, 61.0, 1258.2, 1246.8000000000002, 1246.9999999999998]
[4.0, 1.0, 8.0, 1.0, 0.8, 81.0, 2077.0, 2069.0, 2069.2000000000003]
[4.0, 1.0, 8.0, 1.0, 0.8, 101.0, 3096.6, 3075.9999999999995, 3076.2]
[4.0, 1.0, 8.0, 1.0, 0.8, 121.0, 4315.799999999999, 4292.6, 4290.8]
[4.0, 1.0, 8.0, 1.0, 0.8, 141.0, 5719.5999999999985, 5693.199999999999, 5691.399999999998]
[4.0, 1.0, 8.0, 1.0, 0.8, 161.0, 7321.6, 7323.399999999999, 7321.599999999998]
[4.0, 1.0, 8.0, 1.0, 0.8, 181.0, 9137.999999999998, 9122.4, 9101.999999999993]
[4.0, 1.0, 8.0, 1.0, 0.8, 201.0, 11154.000000000004, 11137.000000000007, 11132.199999999997]
[4.0, 1.0, 8.0, 1.0, 0.8, 221.0, 13371.199999999999, 13329.600000000002, 13324.8]
[4.0, 1.0, 8.0, 1.0, 0.8, 241.0, 15788.799999999996, 15767.800000000003, 15738.200000000004]
[4.0, 1.0, 8.0, 1.0, 0.8, 261.0, 18378.6, 18332.2, 18324.399999999994]
[4.0, 1.0, 8.0, 1.0, 0.8, 281.0, 21194.200000000015, 21170.399999999994, 21162.599999999995]
[4.0, 1.0, 8.0, 1.0, 0.8, 301.0, 24180.600000000002, 24155.0, 24147.2]
[4.0, 1.0, 8.0, 1.0, 0.8, 321.0, 27394.99999999999, 27368.399999999987, 27358.599999999988]
[4.0, 1.0, 8.0, 1.0, 0.8, 341.0, 30809.000000000015, 30746.600000000002, 30736.799999999996]
[4.0, 1.0, 8.0, 1.0, 0.8, 361.0, 34424.20000000002, 34392.79999999999, 34382.99999999999]
[4.0, 1.0, 8.0, 1.0, 0.8, 381.0, 38239.40000000002, 38169.39999999999, 38121.8]
[4.0, 1.0, 8.0, 1.0, 0.8, 401.0, 42214.00000000004, 42180.79999999996, 42168.0]
[4.0, 1.0, 8.0, 1.0, 0.8, 421.0, 46386.399999999994, 46351.00000000001, 46338.19999999998]
[4.0, 1.0, 8.0, 1.0, 0.8, 441.0, 50798.39999999999, 50805.19999999999, 50748.39999999998]
[4.0, 1.0, 8.0, 1.0, 0.8, 461.0, 55410.40000000002, 55327.99999999998, 55312.19999999998]
[4.0, 1.0, 8.0, 1.0, 0.8, 481.0, 60222.80000000002, 60182.19999999995, 60166.39999999999]
[5.0, 0.0, 8.0, 1.0, 0.8, 1.0, 6.4, 6.4, 6.4]
[5.0, 0.0, 8.0, 1.0, 0.8, 21.0, 215.99999999999997, 215.99999999999997, 215.99999999999997]
[5.0, 0.0, 8.0, 1.0, 0.8, 41.0, 617.6000000000001, 617.6000000000001, 617.6000000000001]
[5.0, 0.0, 8.0, 1.0, 0.8, 61.0, 1211.2, 1211.2, 1211.2]
[5.0, 0.0, 8.0, 1.0, 0.8, 81.0, 1996.8000000000002, 1996.8000000000002, 1996.8000000000002]
[5.0, 0.0, 8.0, 1.0, 0.8, 101.0, 2974.399999999999, 2974.399999999999, 2974.399999999999]
[5.0, 0.0, 8.0, 1.0, 0.8, 121.0, 4143.999999999999, 4143.999999999999, 4143.999999999999]
[5.0, 0.0, 8.0, 1.0, 0.8, 141.0, 5505.599999999998, 5505.599999999998, 5505.599999999998]
[5.0, 0.0, 8.0, 1.0, 0.8, 161.0, 7059.199999999998, 7059.199999999998, 7059.199999999998]
[5.0, 0.0, 8.0, 1.0, 0.8, 181.0, 8804.799999999997, 8804.799999999997, 8804.799999999997]
[5.0, 0.0, 8.0, 1.0, 0.8, 201.0, 10742.4, 10742.4, 10742.4]
[5.0, 0.0, 8.0, 1.0, 0.8, 221.0, 12872.0, 12872.0, 12872.0]
[5.0, 0.0, 8.0, 1.0, 0.8, 241.0, 15193.599999999999, 15193.599999999999, 15193.599999999999]
[5.0, 0.0, 8.0, 1.0, 0.8, 261.0, 17707.200000000004, 17707.200000000004, 17707.200000000004]
[5.0, 0.0, 8.0, 1.0, 0.8, 281.0, 20412.800000000007, 20412.800000000007, 20412.800000000007]
[5.0, 0.0, 8.0, 1.0, 0.8, 301.0, 23310.4, 23310.4, 23310.4]
[5.0, 0.0, 8.0, 1.0, 0.8, 321.0, 26400.0, 26400.0, 26400.0]
[5.0, 0.0, 8.0, 1.0, 0.8, 341.0, 29681.600000000006, 29681.600000000006, 29681.600000000006]
[5.0, 0.0, 8.0, 1.0, 0.8, 361.0, 33155.200000000004, 33155.200000000004, 33155.200000000004]
[5.0, 0.0, 8.0, 1.0, 0.8, 381.0, 36820.799999999996, 36820.799999999996, 36820.799999999996]
[5.0, 0.0, 8.0, 1.0, 0.8, 401.0, 40678.39999999999, 40678.39999999999, 40678.39999999999]
[5.0, 0.0, 8.0, 1.0, 0.8, 421.0, 44727.999999999985, 44727.999999999985, 44727.999999999985]
[5.0, 0.0, 8.0, 1.0, 0.8, 441.0, 48969.59999999999, 48969.59999999999, 48969.59999999999]
[5.0, 0.0, 8.0, 1.0, 0.8, 461.0, 53403.200000000004, 53403.200000000004, 53403.200000000004]
[5.0, 0.0, 8.0, 1.0, 0.8, 481.0, 58028.799999999996, 58028.799999999996, 58028.799999999996]
