[0.0, 5.0, 8.0, 1.0, 0.7, 0.0, 0.0, 109.55479999999994]
[0.0, 5.0, 8.0, 1.0, 0.7, 0.1, 0.0, 109.85119999999993]
[0.0, 5.0, 8.0, 1.0, 0.7, 0.2, 0.0, 110.01020000000005]
[0.0, 5.0, 8.0, 1.0, 0.7, 0.30000000000000004, 0.0, 110.37799999999994]
[0.0, 5.0, 8.0, 1.0, 0.7, 0.4, 0.0, 110.67499999999997]
[0.0, 5.0, 8.0, 1.0, 0.7, 0.5, 0.0, 110.98700000000007]
[0.0, 5.0, 8.0, 1.0, 0.7, 0.6, 0.0, 111.77239999999992]
[0.0, 5.0, 8.0, 1.0, 0.7, 0.7, 0.0, 117.68839999999993]
[0.0, 5.0, 8.0, 1.0, 0.7, 0.7999999999999999, 0.0, 128.11700000000005]
[0.0, 5.0, 8.0, 1.0, 0.7, 0.8999999999999999, 0.0, 140.5699999999999]
[0.0, 5.0, 8.0, 1.0, 0.7, 0.9999999999999999, 0.0, 156.5]
[0.0, 5.0, 8.0, 1.0, 0.7, 0.0, 0.1, 109.85359999999994]
[0.0, 5.0, 8.0, 1.0, 0.7, 0.1, 0.1, 110.06359999999998]
[0.0, 5.0, 8.0, 1.0, 0.7, 0.2, 0.1, 110.29040000000005]
[0.0, 5.0, 8.0, 1.0, 0.7, 0.30000000000000004, 0.1, 110.55800000000004]
[0.0, 5.0, 8.0, 1.0, 0.7, 0.4, 0.1, 110.91499999999998]
[0.0, 5.0, 8.0, 1.0, 0.7, 0.5, 0.1, 111.44360000000006]
[0.0, 5.0, 8.0, 1.0, 0.7, 0.6, 0.1, 112.69519999999999]
[0.0, 5.0, 8.0, 1.0, 0.7, 0.7, 0.1, 120.01999999999998]
[0.0, 5.0, 8.0, 1.0, 0.7, 0.7999999999999999, 0.1, 131.09539999999996]
[0.0, 5.0, 8.0, 1.0, 0.7, 0.8999999999999999, 0.1, 141.1802]
[0.0, 5.0, 8.0, 1.0, 0.7, 0.9999999999999999, 0.1, 156.5]
[0.0, 5.0, 8.0, 1.0, 0.7, 0.0, 0.2, 110.21120000000009]
[0.0, 5.0, 8.0, 1.0, 0.7, 0.1, 0.2, 110.36899999999994]
[0.0, 5.0, 8.0, 1.0, 0.7, 0.2, 0.2, 110.58620000000005]
[0.0, 5.0, 8.0, 1.0, 0.7, 0.30000000000000004, 0.2, 110.70979999999997]
[0.0, 5.0, 8.0, 1.0, 0.7, 0.4, 0.2, 111.1124000000001]
[0.0, 5.0, 8.0, 1.0, 0.7, 0.5, 0.2, 113.72960000000003]
[0.0, 5.0, 8.0, 1.0, 0.7, 0.6, 0.2, 118.2956]
[0.0, 5.0, 8.0, 1.0, 0.7, 0.7, 0.2, 127.41499999999992]
[0.0, 5.0, 8.0, 1.0, 0.7, 0.7999999999999999, 0.2, 133.75099999999998]
[0.0, 5.0, 8.0, 1.0, 0.7, 0.8999999999999999, 0.2, 143.093]
[0.0, 5.0, 8.0, 1.0, 0.7, 0.9999999999999999, 0.2, 156.5]
[0.0, 5.0, 8.0, 1.0, 0.7, 0.0, 0.30000000000000004, 110.47999999999999]
[0.0, 5.0, 8.0, 1.0, 0.7, 0.1, 0.30000000000000004, 110.69779999999993]
[0.0, 5.0, 8.0, 1.0, 0.7, 0.2, 0.30000000000000004, 110.80099999999996]
[0.0, 5.0, 8.0, 1.0, 0.7, 0.30000000000000004, 0.30000000000000004, 111.05900000000004]
[0.0, 5.0, 8.0, 1.0, 0.7, 0.4, 0.30000000000000004, 111.28759999999997]
[0.0, 5.0, 8.0, 1.0, 0.7, 0.5, 0.30000000000000004, 114.61039999999998]
[0.0, 5.0, 8.0, 1.0, 0.7, 0.6, 0.30000000000000004, 120.38600000000001]
[0.0, 5.0, 8.0, 1.0, 0.7, 0.7, 0.30000000000000004, 128.53159999999997]
[0.0, 5.0, 8.0, 1.0, 0.7, 0.7999999999999999, 0.30000000000000004, 134.21299999999997]
[0.0, 5.0, 8.0, 1.0, 0.7, 0.8999999999999999, 0.30000000000000004, 145.127]
[0.0, 5.0, 8.0, 1.0, 0.7, 0.9999999999999999, 0.30000000000000004, 156.5]
[0.0, 5.0, 8.0, 1.0, 0.7, 0.0, 0.4, 110.59459999999999]
[0.0, 5.0, 8.0, 1.0, 0.7, 0.1, 0.4, 110.84540000000008]
[0.0, 5.0, 8.0, 1.0, 0.7, 0.2, 0.4, 110.99119999999999]
[0.0, 5.0, 8.0, 1.0, 0.7, 0.30000000000000004, 0.4, 111.56480000000006]
[0.0, 5.0, 8.0, 1.0, 0.7, 0.4, 0.4, 111.85280000000006]
[0.0, 5.0, 8.0, 1.0, 0.7, 0.5, 0.4, 118.47800000000001]
[0.0, 5.0, 8.0, 1.0, 0.7, 0.6, 0.4, 125.87660000000011]
[0.0, 5.0, 8.0, 1.0, 0.7, 0.7, 0.4, 130.94600000000003]
[0.0, 5.0, 8.0, 1.0, 0.7, 0.7999999999999999, 0.4, 141.16940000000002]
[0.0, 5.0, 8.0, 1.0, 0.7, 0.8999999999999999, 0.4, 148.37659999999997]
[0.0, 5.0, 8.0, 1.0, 0.7, 0.9999999999999999, 0.4, 156.5]
[0.0, 5.0, 8.0, 1.0, 0.7, 0.0, 0.5, 110.99180000000007]
[0.0, 5.0, 8.0, 1.0, 0.7, 0.1, 0.5, 111.1333999999999]
[0.0, 5.0, 8.0, 1.0, 0.7, 0.2, 0.5, 111.74300000000002]
[0.0, 5.0, 8.0, 1.0, 0.7, 0.30000000000000004, 0.5, 114.11180000000002]
[0.0, 5.0, 8.0, 1.0, 0.7, 0.4, 0.5, 115.68259999999995]
[0.0, 5.0, 8.0, 1.0, 0.7, 0.5, 0.5, 122.51959999999998]
[0.0, 5.0, 8.0, 1.0, 0.7, 0.6, 0.5, 130.80439999999993]
[0.0, 5.0, 8.0, 1.0, 0.7, 0.7, 0.5, 138.5828]
[0.0, 5.0, 8.0, 1.0, 0.7, 0.7999999999999999, 0.5, 141.7682]
[0.0, 5.0, 8.0, 1.0, 0.7, 0.8999999999999999, 0.5, 149.5856]
[0.0, 5.0, 8.0, 1.0, 0.7, 0.9999999999999999, 0.5, 156.5]
[0.0, 5.0, 8.0, 1.0, 0.7, 0.0, 0.6, 111.52940000000005]
[0.0, 5.0, 8.0, 1.0, 0.7, 0.1, 0.6, 113.97319999999996]
[0.0, 5.0, 8.0, 1.0, 0.7, 0.2, 0.6, 115.44679999999993]
[0.0, 5.0, 8.0, 1.0, 0.7, 0.30000000000000004, 0.6, 119.41460000000001]
[0.0, 5.0, 8.0, 1.0, 0.7, 0.4, 0.6, 124.52240000000002]
[0.0, 5.0, 8.0, 1.0, 0.7, 0.5, 0.6, 131.47460000000004]
[0.0, 5.0, 8.0, 1.0, 0.7, 0.6, 0.6, 131.90300000000008]
[0.0, 5.0, 8.0, 1.0, 0.7, 0.7, 0.6, 138.7052]
[0.0, 5.0, 8.0, 1.0, 0.7, 0.7999999999999999, 0.6, 142.51999999999992]
[0.0, 5.0, 8.0, 1.0, 0.7, 0.8999999999999999, 0.6, 149.94199999999995]
[0.0, 5.0, 8.0, 1.0, 0.7, 0.9999999999999999, 0.6, 156.5]
[0.0, 5.0, 8.0, 1.0, 0.7, 0.0, 0.7, 118.57039999999994]
[0.0, 5.0, 8.0, 1.0, 0.7, 0.1, 0.7, 118.49000000000001]
[0.0, 5.0, 8.0, 1.0, 0.7, 0.2, 0.7, 122.65220000000005]
[0.0, 5.0, 8.0, 1.0, 0.7, 0.30000000000000004, 0.7, 126.7172]
[0.0, 5.0, 8.0, 1.0, 0.7, 0.4, 0.7, 131.63840000000002]
[0.0, 5.0, 8.0, 1.0, 0.7, 0.5, 0.7, 137.61740000000012]
[0.0, 5.0, 8.0, 1.0, 0.7, 0.6, 0.7, 141.57200000000003]
[0.0, 5.0, 8.0, 1.0, 0.7, 0.7, 0.7, 143.38039999999995]
[0.0, 5.0, 8.0, 1.0, 0.7, 0.7999999999999999, 0.7, 147.581]
[0.0, 5.0, 8.0, 1.0, 0.7, 0.8999999999999999, 0.7, 151.27579999999998]
[0.0, 5.0, 8.0, 1.0, 0.7, 0.9999999999999999, 0.7, 156.5]
[0.0, 5.0, 8.0, 1.0, 0.7, 0.0, 0.7999999999999999, 122.57539999999993]
[0.0, 5.0, 8.0, 1.0, 0.7, 0.1, 0.7999999999999999, 127.75220000000003]
[0.0, 5.0, 8.0, 1.0, 0.7, 0.2, 0.7999999999999999, 135.07159999999996]
[0.0, 5.0, 8.0, 1.0, 0.7, 0.30000000000000004, 0.7999999999999999, 137.36600000000004]
[0.0, 5.0, 8.0, 1.0, 0.7, 0.4, 0.7999999999999999, 137.87959999999995]
[0.0, 5.0, 8.0, 1.0, 0.7, 0.5, 0.7999999999999999, 142.46060000000003]
[0.0, 5.0, 8.0, 1.0, 0.7, 0.6, 0.7999999999999999, 144.53719999999993]
[0.0, 5.0, 8.0, 1.0, 0.7, 0.7, 0.7999999999999999, 147.79940000000005]
[0.0, 5.0, 8.0, 1.0, 0.7, 0.7999999999999999, 0.7999999999999999, 148.8392]
[0.0, 5.0, 8.0, 1.0, 0.7, 0.8999999999999999, 0.7999999999999999, 155.0216]
[0.0, 5.0, 8.0, 1.0, 0.7, 0.9999999999999999, 0.7999999999999999, 156.5]
[0.0, 5.0, 8.0, 1.0, 0.7, 0.0, 0.8999999999999999, 142.1762]
[0.0, 5.0, 8.0, 1.0, 0.7, 0.1, 0.8999999999999999, 142.97540000000004]
[0.0, 5.0, 8.0, 1.0, 0.7, 0.2, 0.8999999999999999, 146.97080000000005]
[0.0, 5.0, 8.0, 1.0, 0.7, 0.30000000000000004, 0.8999999999999999, 143.94560000000007]
[0.0, 5.0, 8.0, 1.0, 0.7, 0.4, 0.8999999999999999, 145.45939999999996]
[0.0, 5.0, 8.0, 1.0, 0.7, 0.5, 0.8999999999999999, 148.34060000000002]
[0.0, 5.0, 8.0, 1.0, 0.7, 0.6, 0.8999999999999999, 149.83700000000007]
[0.0, 5.0, 8.0, 1.0, 0.7, 0.7, 0.8999999999999999, 150.9158]
[0.0, 5.0, 8.0, 1.0, 0.7, 0.7999999999999999, 0.8999999999999999, 153.8552]
[0.0, 5.0, 8.0, 1.0, 0.7, 0.8999999999999999, 0.8999999999999999, 156.0956]
[0.0, 5.0, 8.0, 1.0, 0.7, 0.9999999999999999, 0.8999999999999999, 156.5]
[0.0, 5.0, 8.0, 1.0, 0.7, 0.0, 0.9999999999999999, 156.5]
[0.0, 5.0, 8.0, 1.0, 0.7, 0.1, 0.9999999999999999, 156.5]
[0.0, 5.0, 8.0, 1.0, 0.7, 0.2, 0.9999999999999999, 156.5]
[0.0, 5.0, 8.0, 1.0, 0.7, 0.30000000000000004, 0.9999999999999999, 156.5]
[0.0, 5.0, 8.0, 1.0, 0.7, 0.4, 0.9999999999999999, 156.5]
[0.0, 5.0, 8.0, 1.0, 0.7, 0.5, 0.9999999999999999, 156.5]
[0.0, 5.0, 8.0, 1.0, 0.7, 0.6, 0.9999999999999999, 156.5]
[0.0, 5.0, 8.0, 1.0, 0.7, 0.7, 0.9999999999999999, 156.5]
[0.0, 5.0, 8.0, 1.0, 0.7, 0.7999999999999999, 0.9999999999999999, 156.5]
[0.0, 5.0, 8.0, 1.0, 0.7, 0.8999999999999999, 0.9999999999999999, 156.5]
[0.0, 5.0, 8.0, 1.0, 0.7, 0.9999999999999999, 0.9999999999999999, 156.5]
[1.0, 4.0, 8.0, 1.0, 0.7, 0.0, 0.0, 109.55479999999994]
[1.0, 4.0, 8.0, 1.0, 0.7, 0.1, 0.0, 109.7989999999999]
[1.0, 4.0, 8.0, 1.0, 0.7, 0.2, 0.0, 110.0719999999998]
[1.0, 4.0, 8.0, 1.0, 0.7, 0.30000000000000004, 0.0, 110.4842]
[1.0, 4.0, 8.0, 1.0, 0.7, 0.4, 0.0, 110.75239999999998]
[1.0, 4.0, 8.0, 1.0, 0.7, 0.5, 0.0, 111.61160000000007]
[1.0, 4.0, 8.0, 1.0, 0.7, 0.6, 0.0, 120.17540000000005]
[1.0, 4.0, 8.0, 1.0, 0.7, 0.7, 0.0, 130.94060000000005]
[1.0, 4.0, 8.0, 1.0, 0.7, 0.7999999999999999, 0.0, 145.1618]
[1.0, 4.0, 8.0, 1.0, 0.7, 0.8999999999999999, 0.0, 155.65220000000002]
[1.0, 4.0, 8.0, 1.0, 0.7, 0.9999999999999999, 0.0, 156.49220000000003]
[1.0, 4.0, 8.0, 1.0, 0.7, 0.0, 0.1, 109.86620000000006]
[1.0, 4.0, 8.0, 1.0, 0.7, 0.1, 0.1, 110.11340000000006]
[1.0, 4.0, 8.0, 1.0, 0.7, 0.2, 0.1, 110.45419999999989]
[1.0, 4.0, 8.0, 1.0, 0.7, 0.30000000000000004, 0.1, 110.6425999999999]
[1.0, 4.0, 8.0, 1.0, 0.7, 0.4, 0.1, 111.19400000000002]
[1.0, 4.0, 8.0, 1.0, 0.7, 0.5, 0.1, 116.32340000000002]
[1.0, 4.0, 8.0, 1.0, 0.7, 0.6, 0.1, 123.46939999999994]
[1.0, 4.0, 8.0, 1.0, 0.7, 0.7, 0.1, 132.31460000000004]
[1.0, 4.0, 8.0, 1.0, 0.7, 0.7999999999999999, 0.1, 134.58859999999999]
[1.0, 4.0, 8.0, 1.0, 0.7, 0.8999999999999999, 0.1, 151.39520000000002]
[1.0, 4.0, 8.0, 1.0, 0.7, 0.9999999999999999, 0.1, 155.675]
[1.0, 4.0, 8.0, 1.0, 0.7, 0.0, 0.2, 110.13680000000014]
[1.0, 4.0, 8.0, 1.0, 0.7, 0.1, 0.2, 110.393]
[1.0, 4.0, 8.0, 1.0, 0.7, 0.2, 0.2, 110.63719999999996]
[1.0, 4.0, 8.0, 1.0, 0.7, 0.30000000000000004, 0.2, 111.14839999999997]
[1.0, 4.0, 8.0, 1.0, 0.7, 0.4, 0.2, 112.46119999999992]
[1.0, 4.0, 8.0, 1.0, 0.7, 0.5, 0.2, 117.42799999999994]
[1.0, 4.0, 8.0, 1.0, 0.7, 0.6, 0.2, 130.4114]
[1.0, 4.0, 8.0, 1.0, 0.7, 0.7, 0.2, 132.20120000000003]
[1.0, 4.0, 8.0, 1.0, 0.7, 0.7999999999999999, 0.2, 133.72940000000006]
[1.0, 4.0, 8.0, 1.0, 0.7, 0.8999999999999999, 0.2, 137.99239999999998]
[1.0, 4.0, 8.0, 1.0, 0.7, 0.9999999999999999, 0.2, 152.3042]
[1.0, 4.0, 8.0, 1.0, 0.7, 0.0, 0.30000000000000004, 110.33600000000003]
[1.0, 4.0, 8.0, 1.0, 0.7, 0.1, 0.30000000000000004, 110.76920000000005]
[1.0, 4.0, 8.0, 1.0, 0.7, 0.2, 0.30000000000000004, 111.27740000000014]
[1.0, 4.0, 8.0, 1.0, 0.7, 0.30000000000000004, 0.30000000000000004, 117.32600000000004]
[1.0, 4.0, 8.0, 1.0, 0.7, 0.4, 0.30000000000000004, 121.40900000000012]
[1.0, 4.0, 8.0, 1.0, 0.7, 0.5, 0.30000000000000004, 122.92280000000001]
[1.0, 4.0, 8.0, 1.0, 0.7, 0.6, 0.30000000000000004, 130.8302]
[1.0, 4.0, 8.0, 1.0, 0.7, 0.7, 0.30000000000000004, 132.0206]
[1.0, 4.0, 8.0, 1.0, 0.7, 0.7999999999999999, 0.30000000000000004, 132.6092]
[1.0, 4.0, 8.0, 1.0, 0.7, 0.8999999999999999, 0.30000000000000004, 133.3436]
[1.0, 4.0, 8.0, 1.0, 0.7, 0.9999999999999999, 0.30000000000000004, 133.74319999999997]
[1.0, 4.0, 8.0, 1.0, 0.7, 0.0, 0.4, 110.90120000000014]
[1.0, 4.0, 8.0, 1.0, 0.7, 0.1, 0.4, 111.22100000000002]
[1.0, 4.0, 8.0, 1.0, 0.7, 0.2, 0.4, 114.99980000000001]
[1.0, 4.0, 8.0, 1.0, 0.7, 0.30000000000000004, 0.4, 119.85979999999996]
[1.0, 4.0, 8.0, 1.0, 0.7, 0.4, 0.4, 122.798]
[1.0, 4.0, 8.0, 1.0, 0.7, 0.5, 0.4, 126.38600000000007]
[1.0, 4.0, 8.0, 1.0, 0.7, 0.6, 0.4, 132.09860000000003]
[1.0, 4.0, 8.0, 1.0, 0.7, 0.7, 0.4, 132.3217999999999]
[1.0, 4.0, 8.0, 1.0, 0.7, 0.7999999999999999, 0.4, 132.4832]
[1.0, 4.0, 8.0, 1.0, 0.7, 0.8999999999999999, 0.4, 132.74179999999998]
[1.0, 4.0, 8.0, 1.0, 0.7, 0.9999999999999999, 0.4, 132.85400000000004]
[1.0, 4.0, 8.0, 1.0, 0.7, 0.0, 0.5, 114.47779999999997]
[1.0, 4.0, 8.0, 1.0, 0.7, 0.1, 0.5, 115.35559999999997]
[1.0, 4.0, 8.0, 1.0, 0.7, 0.2, 0.5, 120.80900000000003]
[1.0, 4.0, 8.0, 1.0, 0.7, 0.30000000000000004, 0.5, 123.49519999999994]
[1.0, 4.0, 8.0, 1.0, 0.7, 0.4, 0.5, 128.33900000000006]
[1.0, 4.0, 8.0, 1.0, 0.7, 0.5, 0.5, 131.8514]
[1.0, 4.0, 8.0, 1.0, 0.7, 0.6, 0.5, 132.11720000000003]
[1.0, 4.0, 8.0, 1.0, 0.7, 0.7, 0.5, 132.32479999999987]
[1.0, 4.0, 8.0, 1.0, 0.7, 0.7999999999999999, 0.5, 132.2954]
[1.0, 4.0, 8.0, 1.0, 0.7, 0.8999999999999999, 0.5, 132.60139999999998]
[1.0, 4.0, 8.0, 1.0, 0.7, 0.9999999999999999, 0.5, 132.581]
[1.0, 4.0, 8.0, 1.0, 0.7, 0.0, 0.6, 120.31819999999999]
[1.0, 4.0, 8.0, 1.0, 0.7, 0.1, 0.6, 119.33720000000004]
[1.0, 4.0, 8.0, 1.0, 0.7, 0.2, 0.6, 125.37019999999997]
[1.0, 4.0, 8.0, 1.0, 0.7, 0.30000000000000004, 0.6, 130.4762]
[1.0, 4.0, 8.0, 1.0, 0.7, 0.4, 0.6, 131.051]
[1.0, 4.0, 8.0, 1.0, 0.7, 0.5, 0.6, 132.01939999999996]
[1.0, 4.0, 8.0, 1.0, 0.7, 0.6, 0.6, 132.01100000000002]
[1.0, 4.0, 8.0, 1.0, 0.7, 0.7, 0.6, 132.33980000000003]
[1.0, 4.0, 8.0, 1.0, 0.7, 0.7999999999999999, 0.6, 132.40099999999995]
[1.0, 4.0, 8.0, 1.0, 0.7, 0.8999999999999999, 0.6, 132.54019999999997]
[1.0, 4.0, 8.0, 1.0, 0.7, 0.9999999999999999, 0.6, 132.78979999999999]
[1.0, 4.0, 8.0, 1.0, 0.7, 0.0, 0.7, 129.47899999999993]
[1.0, 4.0, 8.0, 1.0, 0.7, 0.1, 0.7, 131.228]
[1.0, 4.0, 8.0, 1.0, 0.7, 0.2, 0.7, 132.00860000000006]
[1.0, 4.0, 8.0, 1.0, 0.7, 0.30000000000000004, 0.7, 131.79800000000003]
[1.0, 4.0, 8.0, 1.0, 0.7, 0.4, 0.7, 132.03320000000002]
[1.0, 4.0, 8.0, 1.0, 0.7, 0.5, 0.7, 132.1928]
[1.0, 4.0, 8.0, 1.0, 0.7, 0.6, 0.7, 132.3062]
[1.0, 4.0, 8.0, 1.0, 0.7, 0.7, 0.7, 132.3722]
[1.0, 4.0, 8.0, 1.0, 0.7, 0.7999999999999999, 0.7, 132.40700000000007]
[1.0, 4.0, 8.0, 1.0, 0.7, 0.8999999999999999, 0.7, 132.46820000000002]
[1.0, 4.0, 8.0, 1.0, 0.7, 0.9999999999999999, 0.7, 132.46940000000006]
[1.0, 4.0, 8.0, 1.0, 0.7, 0.0, 0.7999999999999999, 132.13640000000007]
[1.0, 4.0, 8.0, 1.0, 0.7, 0.1, 0.7999999999999999, 132.167]
[1.0, 4.0, 8.0, 1.0, 0.7, 0.2, 0.7999999999999999, 132.16340000000008]
[1.0, 4.0, 8.0, 1.0, 0.7, 0.30000000000000004, 0.7999999999999999, 132.08780000000004]
[1.0, 4.0, 8.0, 1.0, 0.7, 0.4, 0.7999999999999999, 132.2972]
[1.0, 4.0, 8.0, 1.0, 0.7, 0.5, 0.7999999999999999, 132.3116]
[1.0, 4.0, 8.0, 1.0, 0.7, 0.6, 0.7999999999999999, 132.32239999999996]
[1.0, 4.0, 8.0, 1.0, 0.7, 0.7, 0.7999999999999999, 132.35599999999994]
[1.0, 4.0, 8.0, 1.0, 0.7, 0.7999999999999999, 0.7999999999999999, 132.3998]
[1.0, 4.0, 8.0, 1.0, 0.7, 0.8999999999999999, 0.7999999999999999, 132.4196]
[1.0, 4.0, 8.0, 1.0, 0.7, 0.9999999999999999, 0.7999999999999999, 132.43340000000006]
[1.0, 4.0, 8.0, 1.0, 0.7, 0.0, 0.8999999999999999, 132.30319999999995]
[1.0, 4.0, 8.0, 1.0, 0.7, 0.1, 0.8999999999999999, 132.2684]
[1.0, 4.0, 8.0, 1.0, 0.7, 0.2, 0.8999999999999999, 132.3158]
[1.0, 4.0, 8.0, 1.0, 0.7, 0.30000000000000004, 0.8999999999999999, 132.32299999999998]
[1.0, 4.0, 8.0, 1.0, 0.7, 0.4, 0.8999999999999999, 132.32059999999998]
[1.0, 4.0, 8.0, 1.0, 0.7, 0.5, 0.8999999999999999, 132.3554]
[1.0, 4.0, 8.0, 1.0, 0.7, 0.6, 0.8999999999999999, 132.34879999999998]
[1.0, 4.0, 8.0, 1.0, 0.7, 0.7, 0.8999999999999999, 132.34939999999997]
[1.0, 4.0, 8.0, 1.0, 0.7, 0.7999999999999999, 0.8999999999999999, 132.35419999999996]
[1.0, 4.0, 8.0, 1.0, 0.7, 0.8999999999999999, 0.8999999999999999, 132.38839999999996]
[1.0, 4.0, 8.0, 1.0, 0.7, 0.9999999999999999, 0.8999999999999999, 132.39320000000004]
[1.0, 4.0, 8.0, 1.0, 0.7, 0.0, 0.9999999999999999, 132.3728]
[1.0, 4.0, 8.0, 1.0, 0.7, 0.1, 0.9999999999999999, 132.3728]
[1.0, 4.0, 8.0, 1.0, 0.7, 0.2, 0.9999999999999999, 132.3728]
[1.0, 4.0, 8.0, 1.0, 0.7, 0.30000000000000004, 0.9999999999999999, 132.3728]
[1.0, 4.0, 8.0, 1.0, 0.7, 0.4, 0.9999999999999999, 132.3728]
[1.0, 4.0, 8.0, 1.0, 0.7, 0.5, 0.9999999999999999, 132.3728]
[1.0, 4.0, 8.0, 1.0, 0.7, 0.6, 0.9999999999999999, 132.3728]
[1.0, 4.0, 8.0, 1.0, 0.7, 0.7, 0.9999999999999999, 132.3728]
[1.0, 4.0, 8.0, 1.0, 0.7, 0.7999999999999999, 0.9999999999999999, 132.3728]
[1.0, 4.0, 8.0, 1.0, 0.7, 0.8999999999999999, 0.9999999999999999, 132.3728]
[1.0, 4.0, 8.0, 1.0, 0.7, 0.9999999999999999, 0.9999999999999999, 132.3728]
[2.0, 3.0, 8.0, 1.0, 0.7, 0.0, 0.0, 109.55479999999994]
[2.0, 3.0, 8.0, 1.0, 0.7, 0.1, 0.0, 109.84819999999995]
[2.0, 3.0, 8.0, 1.0, 0.7, 0.2, 0.0, 110.21119999999999]
[2.0, 3.0, 8.0, 1.0, 0.7, 0.30000000000000004, 0.0, 110.63179999999996]
[2.0, 3.0, 8.0, 1.0, 0.7, 0.4, 0.0, 112.89019999999982]
[2.0, 3.0, 8.0, 1.0, 0.7, 0.5, 0.0, 123.74479999999998]
[2.0, 3.0, 8.0, 1.0, 0.7, 0.6, 0.0, 141.92960000000002]
[2.0, 3.0, 8.0, 1.0, 0.7, 0.7, 0.0, 150.6332]
[2.0, 3.0, 8.0, 1.0, 0.7, 0.7999999999999999, 0.0, 155.6396]
[2.0, 3.0, 8.0, 1.0, 0.7, 0.8999999999999999, 0.0, 156.17359999999996]
[2.0, 3.0, 8.0, 1.0, 0.7, 0.9999999999999999, 0.0, 156.49220000000003]
[2.0, 3.0, 8.0, 1.0, 0.7, 0.0, 0.1, 109.83439999999995]
[2.0, 3.0, 8.0, 1.0, 0.7, 0.1, 0.1, 110.2502]
[2.0, 3.0, 8.0, 1.0, 0.7, 0.2, 0.1, 110.58200000000005]
[2.0, 3.0, 8.0, 1.0, 0.7, 0.30000000000000004, 0.1, 112.76000000000005]
[2.0, 3.0, 8.0, 1.0, 0.7, 0.4, 0.1, 119.64619999999991]
[2.0, 3.0, 8.0, 1.0, 0.7, 0.5, 0.1, 126.20659999999995]
[2.0, 3.0, 8.0, 1.0, 0.7, 0.6, 0.1, 127.57580000000003]
[2.0, 3.0, 8.0, 1.0, 0.7, 0.7, 0.1, 139.90700000000007]
[2.0, 3.0, 8.0, 1.0, 0.7, 0.7999999999999999, 0.1, 152.79319999999998]
[2.0, 3.0, 8.0, 1.0, 0.7, 0.8999999999999999, 0.1, 155.52380000000002]
[2.0, 3.0, 8.0, 1.0, 0.7, 0.9999999999999999, 0.1, 156.272]
[2.0, 3.0, 8.0, 1.0, 0.7, 0.0, 0.2, 110.13440000000004]
[2.0, 3.0, 8.0, 1.0, 0.7, 0.1, 0.2, 110.75600000000006]
[2.0, 3.0, 8.0, 1.0, 0.7, 0.2, 0.2, 111.01879999999998]
[2.0, 3.0, 8.0, 1.0, 0.7, 0.30000000000000004, 0.2, 116.0426]
[2.0, 3.0, 8.0, 1.0, 0.7, 0.4, 0.2, 125.40379999999992]
[2.0, 3.0, 8.0, 1.0, 0.7, 0.5, 0.2, 126.91040000000001]
[2.0, 3.0, 8.0, 1.0, 0.7, 0.6, 0.2, 127.09519999999999]
[2.0, 3.0, 8.0, 1.0, 0.7, 0.7, 0.2, 132.71000000000006]
[2.0, 3.0, 8.0, 1.0, 0.7, 0.7999999999999999, 0.2, 144.46640000000002]
[2.0, 3.0, 8.0, 1.0, 0.7, 0.8999999999999999, 0.2, 153.0956]
[2.0, 3.0, 8.0, 1.0, 0.7, 0.9999999999999999, 0.2, 155.4212]
[2.0, 3.0, 8.0, 1.0, 0.7, 0.0, 0.30000000000000004, 110.55139999999987]
[2.0, 3.0, 8.0, 1.0, 0.7, 0.1, 0.30000000000000004, 110.82739999999994]
[2.0, 3.0, 8.0, 1.0, 0.7, 0.2, 0.30000000000000004, 112.9262]
[2.0, 3.0, 8.0, 1.0, 0.7, 0.30000000000000004, 0.30000000000000004, 121.2463999999999]
[2.0, 3.0, 8.0, 1.0, 0.7, 0.4, 0.30000000000000004, 126.43459999999997]
[2.0, 3.0, 8.0, 1.0, 0.7, 0.5, 0.30000000000000004, 126.71360000000001]
[2.0, 3.0, 8.0, 1.0, 0.7, 0.6, 0.30000000000000004, 126.88880000000006]
[2.0, 3.0, 8.0, 1.0, 0.7, 0.7, 0.30000000000000004, 129.37219999999996]
[2.0, 3.0, 8.0, 1.0, 0.7, 0.7999999999999999, 0.30000000000000004, 137.9762]
[2.0, 3.0, 8.0, 1.0, 0.7, 0.8999999999999999, 0.30000000000000004, 139.2104]
[2.0, 3.0, 8.0, 1.0, 0.7, 0.9999999999999999, 0.30000000000000004, 147.17959999999997]
[2.0, 3.0, 8.0, 1.0, 0.7, 0.0, 0.4, 114.41659999999996]
[2.0, 3.0, 8.0, 1.0, 0.7, 0.1, 0.4, 115.38260000000004]
[2.0, 3.0, 8.0, 1.0, 0.7, 0.2, 0.4, 123.58459999999998]
[2.0, 3.0, 8.0, 1.0, 0.7, 0.30000000000000004, 0.4, 125.37319999999988]
[2.0, 3.0, 8.0, 1.0, 0.7, 0.4, 0.4, 126.74239999999999]
[2.0, 3.0, 8.0, 1.0, 0.7, 0.5, 0.4, 126.67460000000001]
[2.0, 3.0, 8.0, 1.0, 0.7, 0.6, 0.4, 126.87379999999999]
[2.0, 3.0, 8.0, 1.0, 0.7, 0.7, 0.4, 127.44739999999999]
[2.0, 3.0, 8.0, 1.0, 0.7, 0.7999999999999999, 0.4, 127.94719999999998]
[2.0, 3.0, 8.0, 1.0, 0.7, 0.8999999999999999, 0.4, 128.43860000000004]
[2.0, 3.0, 8.0, 1.0, 0.7, 0.9999999999999999, 0.4, 138.2474]
[2.0, 3.0, 8.0, 1.0, 0.7, 0.0, 0.5, 121.89440000000005]
[2.0, 3.0, 8.0, 1.0, 0.7, 0.1, 0.5, 126.21919999999994]
[2.0, 3.0, 8.0, 1.0, 0.7, 0.2, 0.5, 125.95879999999991]
[2.0, 3.0, 8.0, 1.0, 0.7, 0.30000000000000004, 0.5, 126.53239999999991]
[2.0, 3.0, 8.0, 1.0, 0.7, 0.4, 0.5, 126.66919999999999]
[2.0, 3.0, 8.0, 1.0, 0.7, 0.5, 0.5, 126.91639999999995]
[2.0, 3.0, 8.0, 1.0, 0.7, 0.6, 0.5, 127.21459999999996]
[2.0, 3.0, 8.0, 1.0, 0.7, 0.7, 0.5, 126.94040000000017]
[2.0, 3.0, 8.0, 1.0, 0.7, 0.7999999999999999, 0.5, 127.76720000000003]
[2.0, 3.0, 8.0, 1.0, 0.7, 0.8999999999999999, 0.5, 127.19479999999997]
[2.0, 3.0, 8.0, 1.0, 0.7, 0.9999999999999999, 0.5, 129.94339999999997]
[2.0, 3.0, 8.0, 1.0, 0.7, 0.0, 0.6, 126.10339999999994]
[2.0, 3.0, 8.0, 1.0, 0.7, 0.1, 0.6, 126.42739999999993]
[2.0, 3.0, 8.0, 1.0, 0.7, 0.2, 0.6, 126.46639999999996]
[2.0, 3.0, 8.0, 1.0, 0.7, 0.30000000000000004, 0.6, 126.59539999999997]
[2.0, 3.0, 8.0, 1.0, 0.7, 0.4, 0.6, 126.73219999999999]
[2.0, 3.0, 8.0, 1.0, 0.7, 0.5, 0.6, 126.78439999999996]
[2.0, 3.0, 8.0, 1.0, 0.7, 0.6, 0.6, 126.87080000000003]
[2.0, 3.0, 8.0, 1.0, 0.7, 0.7, 0.6, 126.81440000000002]
[2.0, 3.0, 8.0, 1.0, 0.7, 0.7999999999999999, 0.6, 126.89719999999994]
[2.0, 3.0, 8.0, 1.0, 0.7, 0.8999999999999999, 0.6, 126.95779999999999]
[2.0, 3.0, 8.0, 1.0, 0.7, 0.9999999999999999, 0.6, 127.3640000000001]
[2.0, 3.0, 8.0, 1.0, 0.7, 0.0, 0.7, 126.50899999999996]
[2.0, 3.0, 8.0, 1.0, 0.7, 0.1, 0.7, 126.5936]
[2.0, 3.0, 8.0, 1.0, 0.7, 0.2, 0.7, 126.5786]
[2.0, 3.0, 8.0, 1.0, 0.7, 0.30000000000000004, 0.7, 126.67939999999994]
[2.0, 3.0, 8.0, 1.0, 0.7, 0.4, 0.7, 126.71779999999997]
[2.0, 3.0, 8.0, 1.0, 0.7, 0.5, 0.7, 126.78919999999998]
[2.0, 3.0, 8.0, 1.0, 0.7, 0.6, 0.7, 126.78739999999992]
[2.0, 3.0, 8.0, 1.0, 0.7, 0.7, 0.7, 126.8402000000001]
[2.0, 3.0, 8.0, 1.0, 0.7, 0.7999999999999999, 0.7, 126.917]
[2.0, 3.0, 8.0, 1.0, 0.7, 0.8999999999999999, 0.7, 126.90259999999998]
[2.0, 3.0, 8.0, 1.0, 0.7, 0.9999999999999999, 0.7, 127.06759999999998]
[2.0, 3.0, 8.0, 1.0, 0.7, 0.0, 0.7999999999999999, 126.66799999999992]
[2.0, 3.0, 8.0, 1.0, 0.7, 0.1, 0.7999999999999999, 126.65779999999998]
[2.0, 3.0, 8.0, 1.0, 0.7, 0.2, 0.7999999999999999, 126.68779999999995]
[2.0, 3.0, 8.0, 1.0, 0.7, 0.30000000000000004, 0.7999999999999999, 126.70039999999999]
[2.0, 3.0, 8.0, 1.0, 0.7, 0.4, 0.7999999999999999, 126.75679999999997]
[2.0, 3.0, 8.0, 1.0, 0.7, 0.5, 0.7999999999999999, 126.76939999999995]
[2.0, 3.0, 8.0, 1.0, 0.7, 0.6, 0.7999999999999999, 126.76759999999992]
[2.0, 3.0, 8.0, 1.0, 0.7, 0.7, 0.7999999999999999, 126.7802]
[2.0, 3.0, 8.0, 1.0, 0.7, 0.7999999999999999, 0.7999999999999999, 126.84740000000004]
[2.0, 3.0, 8.0, 1.0, 0.7, 0.8999999999999999, 0.7999999999999999, 126.84559999999999]
[2.0, 3.0, 8.0, 1.0, 0.7, 0.9999999999999999, 0.7999999999999999, 126.85580000000002]
[2.0, 3.0, 8.0, 1.0, 0.7, 0.0, 0.8999999999999999, 126.68419999999993]
[2.0, 3.0, 8.0, 1.0, 0.7, 0.1, 0.8999999999999999, 126.72019999999993]
[2.0, 3.0, 8.0, 1.0, 0.7, 0.2, 0.8999999999999999, 126.72799999999997]
[2.0, 3.0, 8.0, 1.0, 0.7, 0.30000000000000004, 0.8999999999999999, 126.73039999999995]
[2.0, 3.0, 8.0, 1.0, 0.7, 0.4, 0.8999999999999999, 126.72979999999994]
[2.0, 3.0, 8.0, 1.0, 0.7, 0.5, 0.8999999999999999, 126.76340000000003]
[2.0, 3.0, 8.0, 1.0, 0.7, 0.6, 0.8999999999999999, 126.77119999999992]
[2.0, 3.0, 8.0, 1.0, 0.7, 0.7, 0.8999999999999999, 126.776]
[2.0, 3.0, 8.0, 1.0, 0.7, 0.7999999999999999, 0.8999999999999999, 126.78559999999997]
[2.0, 3.0, 8.0, 1.0, 0.7, 0.8999999999999999, 0.8999999999999999, 126.78259999999999]
[2.0, 3.0, 8.0, 1.0, 0.7, 0.9999999999999999, 0.8999999999999999, 126.8072]
[2.0, 3.0, 8.0, 1.0, 0.7, 0.0, 0.9999999999999999, 126.75259999999996]
[2.0, 3.0, 8.0, 1.0, 0.7, 0.1, 0.9999999999999999, 126.75259999999996]
[2.0, 3.0, 8.0, 1.0, 0.7, 0.2, 0.9999999999999999, 126.75259999999996]
[2.0, 3.0, 8.0, 1.0, 0.7, 0.30000000000000004, 0.9999999999999999, 126.75259999999996]
[2.0, 3.0, 8.0, 1.0, 0.7, 0.4, 0.9999999999999999, 126.75259999999996]
[2.0, 3.0, 8.0, 1.0, 0.7, 0.5, 0.9999999999999999, 126.75259999999996]
[2.0, 3.0, 8.0, 1.0, 0.7, 0.6, 0.9999999999999999, 126.75259999999996]
[2.0, 3.0, 8.0, 1.0, 0.7, 0.7, 0.9999999999999999, 126.75259999999996]
[2.0, 3.0, 8.0, 1.0, 0.7, 0.7999999999999999, 0.9999999999999999, 126.75259999999996]
[2.0, 3.0, 8.0, 1.0, 0.7, 0.8999999999999999, 0.9999999999999999, 126.75259999999996]
[2.0, 3.0, 8.0, 1.0, 0.7, 0.9999999999999999, 0.9999999999999999, 126.75259999999996]
[3.0, 2.0, 8.0, 1.0, 0.7, 0.0, 0.0, 109.55479999999994]
[3.0, 2.0, 8.0, 1.0, 0.7, 0.1, 0.0, 109.91540000000012]
[3.0, 2.0, 8.0, 1.0, 0.7, 0.2, 0.0, 110.25919999999988]
[3.0, 2.0, 8.0, 1.0, 0.7, 0.30000000000000004, 0.0, 112.96999999999998]
[3.0, 2.0, 8.0, 1.0, 0.7, 0.4, 0.0, 126.71059999999999]
[3.0, 2.0, 8.0, 1.0, 0.7, 0.5, 0.0, 138.974]
[3.0, 2.0, 8.0, 1.0, 0.7, 0.6, 0.0, 154.2308]
[3.0, 2.0, 8.0, 1.0, 0.7, 0.7, 0.0, 155.37559999999996]
[3.0, 2.0, 8.0, 1.0, 0.7, 0.7999999999999999, 0.0, 155.86040000000003]
[3.0, 2.0, 8.0, 1.0, 0.7, 0.8999999999999999, 0.0, 156.107]
[3.0, 2.0, 8.0, 1.0, 0.7, 0.9999999999999999, 0.0, 156.49220000000003]
[3.0, 2.0, 8.0, 1.0, 0.7, 0.0, 0.1, 109.86379999999998]
[3.0, 2.0, 8.0, 1.0, 0.7, 0.1, 0.1, 110.10260000000005]
[3.0, 2.0, 8.0, 1.0, 0.7, 0.2, 0.1, 118.03760000000004]
[3.0, 2.0, 8.0, 1.0, 0.7, 0.30000000000000004, 0.1, 120.7903999999999]
[3.0, 2.0, 8.0, 1.0, 0.7, 0.4, 0.1, 125.13080000000004]
[3.0, 2.0, 8.0, 1.0, 0.7, 0.5, 0.1, 143.27779999999993]
[3.0, 2.0, 8.0, 1.0, 0.7, 0.6, 0.1, 146.87780000000004]
[3.0, 2.0, 8.0, 1.0, 0.7, 0.7, 0.1, 154.10060000000001]
[3.0, 2.0, 8.0, 1.0, 0.7, 0.7999999999999999, 0.1, 155.39599999999996]
[3.0, 2.0, 8.0, 1.0, 0.7, 0.8999999999999999, 0.1, 155.89159999999998]
[3.0, 2.0, 8.0, 1.0, 0.7, 0.9999999999999999, 0.1, 156.251]
[3.0, 2.0, 8.0, 1.0, 0.7, 0.0, 0.2, 110.69839999999986]
[3.0, 2.0, 8.0, 1.0, 0.7, 0.1, 0.2, 113.879]
[3.0, 2.0, 8.0, 1.0, 0.7, 0.2, 0.2, 119.77879999999999]
[3.0, 2.0, 8.0, 1.0, 0.7, 0.30000000000000004, 0.2, 121.03460000000001]
[3.0, 2.0, 8.0, 1.0, 0.7, 0.4, 0.2, 122.52620000000005]
[3.0, 2.0, 8.0, 1.0, 0.7, 0.5, 0.2, 129.49699999999996]
[3.0, 2.0, 8.0, 1.0, 0.7, 0.6, 0.2, 139.94539999999998]
[3.0, 2.0, 8.0, 1.0, 0.7, 0.7, 0.2, 146.06960000000004]
[3.0, 2.0, 8.0, 1.0, 0.7, 0.7999999999999999, 0.2, 154.62499999999997]
[3.0, 2.0, 8.0, 1.0, 0.7, 0.8999999999999999, 0.2, 155.3774]
[3.0, 2.0, 8.0, 1.0, 0.7, 0.9999999999999999, 0.2, 155.9126]
[3.0, 2.0, 8.0, 1.0, 0.7, 0.0, 0.30000000000000004, 114.52339999999998]
[3.0, 2.0, 8.0, 1.0, 0.7, 0.1, 0.30000000000000004, 118.05200000000005]
[3.0, 2.0, 8.0, 1.0, 0.7, 0.2, 0.30000000000000004, 120.41959999999999]
[3.0, 2.0, 8.0, 1.0, 0.7, 0.30000000000000004, 0.30000000000000004, 121.12339999999993]
[3.0, 2.0, 8.0, 1.0, 0.7, 0.4, 0.30000000000000004, 121.39039999999994]
[3.0, 2.0, 8.0, 1.0, 0.7, 0.5, 0.30000000000000004, 129.66260000000005]
[3.0, 2.0, 8.0, 1.0, 0.7, 0.6, 0.30000000000000004, 130.10720000000003]
[3.0, 2.0, 8.0, 1.0, 0.7, 0.7, 0.30000000000000004, 140.0402]
[3.0, 2.0, 8.0, 1.0, 0.7, 0.7999999999999999, 0.30000000000000004, 147.3998]
[3.0, 2.0, 8.0, 1.0, 0.7, 0.8999999999999999, 0.30000000000000004, 152.23760000000004]
[3.0, 2.0, 8.0, 1.0, 0.7, 0.9999999999999999, 0.30000000000000004, 155.49260000000004]
[3.0, 2.0, 8.0, 1.0, 0.7, 0.0, 0.4, 119.16320000000002]
[3.0, 2.0, 8.0, 1.0, 0.7, 0.1, 0.4, 120.50299999999999]
[3.0, 2.0, 8.0, 1.0, 0.7, 0.2, 0.4, 120.94580000000006]
[3.0, 2.0, 8.0, 1.0, 0.7, 0.30000000000000004, 0.4, 121.22479999999997]
[3.0, 2.0, 8.0, 1.0, 0.7, 0.4, 0.4, 121.31359999999992]
[3.0, 2.0, 8.0, 1.0, 0.7, 0.5, 0.4, 121.95740000000009]
[3.0, 2.0, 8.0, 1.0, 0.7, 0.6, 0.4, 124.04180000000002]
[3.0, 2.0, 8.0, 1.0, 0.7, 0.7, 0.4, 130.61539999999985]
[3.0, 2.0, 8.0, 1.0, 0.7, 0.7999999999999999, 0.4, 136.15699999999995]
[3.0, 2.0, 8.0, 1.0, 0.7, 0.8999999999999999, 0.4, 145.69880000000003]
[3.0, 2.0, 8.0, 1.0, 0.7, 0.9999999999999999, 0.4, 149.77280000000005]
[3.0, 2.0, 8.0, 1.0, 0.7, 0.0, 0.5, 120.77120000000001]
[3.0, 2.0, 8.0, 1.0, 0.7, 0.1, 0.5, 120.9139999999999]
[3.0, 2.0, 8.0, 1.0, 0.7, 0.2, 0.5, 121.16119999999985]
[3.0, 2.0, 8.0, 1.0, 0.7, 0.30000000000000004, 0.5, 121.2140000000002]
[3.0, 2.0, 8.0, 1.0, 0.7, 0.4, 0.5, 121.21159999999995]
[3.0, 2.0, 8.0, 1.0, 0.7, 0.5, 0.5, 121.637]
[3.0, 2.0, 8.0, 1.0, 0.7, 0.6, 0.5, 121.66880000000005]
[3.0, 2.0, 8.0, 1.0, 0.7, 0.7, 0.5, 127.7618000000001]
[3.0, 2.0, 8.0, 1.0, 0.7, 0.7999999999999999, 0.5, 140.35520000000008]
[3.0, 2.0, 8.0, 1.0, 0.7, 0.8999999999999999, 0.5, 136.80259999999996]
[3.0, 2.0, 8.0, 1.0, 0.7, 0.9999999999999999, 0.5, 141.6547999999999]
[3.0, 2.0, 8.0, 1.0, 0.7, 0.0, 0.6, 120.9656000000001]
[3.0, 2.0, 8.0, 1.0, 0.7, 0.1, 0.6, 121.001]
[3.0, 2.0, 8.0, 1.0, 0.7, 0.2, 0.6, 120.99260000000005]
[3.0, 2.0, 8.0, 1.0, 0.7, 0.30000000000000004, 0.6, 121.0742]
[3.0, 2.0, 8.0, 1.0, 0.7, 0.4, 0.6, 121.16960000000005]
[3.0, 2.0, 8.0, 1.0, 0.7, 0.5, 0.6, 121.29380000000002]
[3.0, 2.0, 8.0, 1.0, 0.7, 0.6, 0.6, 121.3022]
[3.0, 2.0, 8.0, 1.0, 0.7, 0.7, 0.6, 121.58060000000003]
[3.0, 2.0, 8.0, 1.0, 0.7, 0.7999999999999999, 0.6, 121.74260000000001]
[3.0, 2.0, 8.0, 1.0, 0.7, 0.8999999999999999, 0.6, 123.02659999999999]
[3.0, 2.0, 8.0, 1.0, 0.7, 0.9999999999999999, 0.6, 131.37620000000007]
[3.0, 2.0, 8.0, 1.0, 0.7, 0.0, 0.7, 120.99980000000004]
[3.0, 2.0, 8.0, 1.0, 0.7, 0.1, 0.7, 121.04419999999996]
[3.0, 2.0, 8.0, 1.0, 0.7, 0.2, 0.7, 121.05800000000006]
[3.0, 2.0, 8.0, 1.0, 0.7, 0.30000000000000004, 0.7, 121.20499999999994]
[3.0, 2.0, 8.0, 1.0, 0.7, 0.4, 0.7, 121.11680000000005]
[3.0, 2.0, 8.0, 1.0, 0.7, 0.5, 0.7, 121.15940000000003]
[3.0, 2.0, 8.0, 1.0, 0.7, 0.6, 0.7, 121.18340000000003]
[3.0, 2.0, 8.0, 1.0, 0.7, 0.7, 0.7, 121.25599999999994]
[3.0, 2.0, 8.0, 1.0, 0.7, 0.7999999999999999, 0.7, 121.49960000000006]
[3.0, 2.0, 8.0, 1.0, 0.7, 0.8999999999999999, 0.7, 121.53259999999989]
[3.0, 2.0, 8.0, 1.0, 0.7, 0.9999999999999999, 0.7, 122.0108]
[3.0, 2.0, 8.0, 1.0, 0.7, 0.0, 0.7999999999999999, 121.00820000000002]
[3.0, 2.0, 8.0, 1.0, 0.7, 0.1, 0.7999999999999999, 121.05740000000002]
[3.0, 2.0, 8.0, 1.0, 0.7, 0.2, 0.7999999999999999, 121.03100000000009]
[3.0, 2.0, 8.0, 1.0, 0.7, 0.30000000000000004, 0.7999999999999999, 121.0898]
[3.0, 2.0, 8.0, 1.0, 0.7, 0.4, 0.7999999999999999, 121.09400000000001]
[3.0, 2.0, 8.0, 1.0, 0.7, 0.5, 0.7999999999999999, 121.24520000000007]
[3.0, 2.0, 8.0, 1.0, 0.7, 0.6, 0.7999999999999999, 121.14979999999998]
[3.0, 2.0, 8.0, 1.0, 0.7, 0.7, 0.7999999999999999, 121.1852]
[3.0, 2.0, 8.0, 1.0, 0.7, 0.7999999999999999, 0.7999999999999999, 121.34960000000005]
[3.0, 2.0, 8.0, 1.0, 0.7, 0.8999999999999999, 0.7999999999999999, 121.37300000000006]
[3.0, 2.0, 8.0, 1.0, 0.7, 0.9999999999999999, 0.7999999999999999, 121.28240000000008]
[3.0, 2.0, 8.0, 1.0, 0.7, 0.0, 0.8999999999999999, 121.05980000000008]
[3.0, 2.0, 8.0, 1.0, 0.7, 0.1, 0.8999999999999999, 121.06640000000006]
[3.0, 2.0, 8.0, 1.0, 0.7, 0.2, 0.8999999999999999, 121.07300000000004]
[3.0, 2.0, 8.0, 1.0, 0.7, 0.30000000000000004, 0.8999999999999999, 121.08080000000008]
[3.0, 2.0, 8.0, 1.0, 0.7, 0.4, 0.8999999999999999, 121.0970000000001]
[3.0, 2.0, 8.0, 1.0, 0.7, 0.5, 0.8999999999999999, 121.09040000000016]
[3.0, 2.0, 8.0, 1.0, 0.7, 0.6, 0.8999999999999999, 121.10720000000006]
[3.0, 2.0, 8.0, 1.0, 0.7, 0.7, 0.8999999999999999, 121.26380000000007]
[3.0, 2.0, 8.0, 1.0, 0.7, 0.7999999999999999, 0.8999999999999999, 121.25659999999996]
[3.0, 2.0, 8.0, 1.0, 0.7, 0.8999999999999999, 0.8999999999999999, 121.26140000000001]
[3.0, 2.0, 8.0, 1.0, 0.7, 0.9999999999999999, 0.8999999999999999, 121.28300000000014]
[3.0, 2.0, 8.0, 1.0, 0.7, 0.0, 0.9999999999999999, 121.07540000000007]
[3.0, 2.0, 8.0, 1.0, 0.7, 0.1, 0.9999999999999999, 121.07540000000007]
[3.0, 2.0, 8.0, 1.0, 0.7, 0.2, 0.9999999999999999, 121.07540000000007]
[3.0, 2.0, 8.0, 1.0, 0.7, 0.30000000000000004, 0.9999999999999999, 121.07540000000007]
[3.0, 2.0, 8.0, 1.0, 0.7, 0.4, 0.9999999999999999, 121.07540000000007]
[3.0, 2.0, 8.0, 1.0, 0.7, 0.5, 0.9999999999999999, 121.07540000000007]
[3.0, 2.0, 8.0, 1.0, 0.7, 0.6, 0.9999999999999999, 121.07540000000007]
[3.0, 2.0, 8.0, 1.0, 0.7, 0.7, 0.9999999999999999, 121.07540000000007]
[3.0, 2.0, 8.0, 1.0, 0.7, 0.7999999999999999, 0.9999999999999999, 121.07540000000007]
[3.0, 2.0, 8.0, 1.0, 0.7, 0.8999999999999999, 0.9999999999999999, 121.07540000000007]
[3.0, 2.0, 8.0, 1.0, 0.7, 0.9999999999999999, 0.9999999999999999, 121.07540000000007]
[4.0, 1.0, 8.0, 1.0, 0.7, 0.0, 0.0, 109.55539999999993]
[4.0, 1.0, 8.0, 1.0, 0.7, 0.1, 0.0, 110.13079999999978]
[4.0, 1.0, 8.0, 1.0, 0.7, 0.2, 0.0, 121.05259999999996]
[4.0, 1.0, 8.0, 1.0, 0.7, 0.30000000000000004, 0.0, 136.7084]
[4.0, 1.0, 8.0, 1.0, 0.7, 0.4, 0.0, 146.531]
[4.0, 1.0, 8.0, 1.0, 0.7, 0.5, 0.0, 153.43759999999997]
[4.0, 1.0, 8.0, 1.0, 0.7, 0.6, 0.0, 155.04440000000002]
[4.0, 1.0, 8.0, 1.0, 0.7, 0.7, 0.0, 155.6564]
[4.0, 1.0, 8.0, 1.0, 0.7, 0.7999999999999999, 0.0, 155.87179999999998]
[4.0, 1.0, 8.0, 1.0, 0.7, 0.8999999999999999, 0.0, 156.19039999999998]
[4.0, 1.0, 8.0, 1.0, 0.7, 0.9999999999999999, 0.0, 156.4952]
[4.0, 1.0, 8.0, 1.0, 0.7, 0.0, 0.1, 110.57359999999987]
[4.0, 1.0, 8.0, 1.0, 0.7, 0.1, 0.1, 113.92879999999991]
[4.0, 1.0, 8.0, 1.0, 0.7, 0.2, 0.1, 115.94419999999998]
[4.0, 1.0, 8.0, 1.0, 0.7, 0.30000000000000004, 0.1, 129.38659999999996]
[4.0, 1.0, 8.0, 1.0, 0.7, 0.4, 0.1, 143.36239999999995]
[4.0, 1.0, 8.0, 1.0, 0.7, 0.5, 0.1, 152.3402]
[4.0, 1.0, 8.0, 1.0, 0.7, 0.6, 0.1, 154.58480000000003]
[4.0, 1.0, 8.0, 1.0, 0.7, 0.7, 0.1, 155.34200000000004]
[4.0, 1.0, 8.0, 1.0, 0.7, 0.7999999999999999, 0.1, 155.6438]
[4.0, 1.0, 8.0, 1.0, 0.7, 0.8999999999999999, 0.1, 155.97440000000003]
[4.0, 1.0, 8.0, 1.0, 0.7, 0.9999999999999999, 0.1, 156.24140000000003]
[4.0, 1.0, 8.0, 1.0, 0.7, 0.0, 0.2, 114.36799999999992]
[4.0, 1.0, 8.0, 1.0, 0.7, 0.1, 0.2, 115.19419999999995]
[4.0, 1.0, 8.0, 1.0, 0.7, 0.2, 0.2, 118.84519999999998]
[4.0, 1.0, 8.0, 1.0, 0.7, 0.30000000000000004, 0.2, 122.60059999999999]
[4.0, 1.0, 8.0, 1.0, 0.7, 0.4, 0.2, 139.457]
[4.0, 1.0, 8.0, 1.0, 0.7, 0.5, 0.2, 144.3872]
[4.0, 1.0, 8.0, 1.0, 0.7, 0.6, 0.2, 154.1]
[4.0, 1.0, 8.0, 1.0, 0.7, 0.7, 0.2, 154.5764]
[4.0, 1.0, 8.0, 1.0, 0.7, 0.7999999999999999, 0.2, 155.20999999999998]
[4.0, 1.0, 8.0, 1.0, 0.7, 0.8999999999999999, 0.2, 155.678]
[4.0, 1.0, 8.0, 1.0, 0.7, 0.9999999999999999, 0.2, 155.90599999999998]
[4.0, 1.0, 8.0, 1.0, 0.7, 0.0, 0.30000000000000004, 115.18399999999993]
[4.0, 1.0, 8.0, 1.0, 0.7, 0.1, 0.30000000000000004, 115.3226]
[4.0, 1.0, 8.0, 1.0, 0.7, 0.2, 0.30000000000000004, 115.59920000000001]
[4.0, 1.0, 8.0, 1.0, 0.7, 0.30000000000000004, 0.30000000000000004, 120.34100000000002]
[4.0, 1.0, 8.0, 1.0, 0.7, 0.4, 0.30000000000000004, 131.24060000000003]
[4.0, 1.0, 8.0, 1.0, 0.7, 0.5, 0.30000000000000004, 139.1552]
[4.0, 1.0, 8.0, 1.0, 0.7, 0.6, 0.30000000000000004, 150.0722]
[4.0, 1.0, 8.0, 1.0, 0.7, 0.7, 0.30000000000000004, 153.22459999999998]
[4.0, 1.0, 8.0, 1.0, 0.7, 0.7999999999999999, 0.30000000000000004, 154.70119999999997]
[4.0, 1.0, 8.0, 1.0, 0.7, 0.8999999999999999, 0.30000000000000004, 155.3444]
[4.0, 1.0, 8.0, 1.0, 0.7, 0.9999999999999999, 0.30000000000000004, 155.5796]
[4.0, 1.0, 8.0, 1.0, 0.7, 0.0, 0.4, 115.2662]
[4.0, 1.0, 8.0, 1.0, 0.7, 0.1, 0.4, 115.33220000000017]
[4.0, 1.0, 8.0, 1.0, 0.7, 0.2, 0.4, 115.6538000000001]
[4.0, 1.0, 8.0, 1.0, 0.7, 0.30000000000000004, 0.4, 121.16599999999997]
[4.0, 1.0, 8.0, 1.0, 0.7, 0.4, 0.4, 118.36460000000001]
[4.0, 1.0, 8.0, 1.0, 0.7, 0.5, 0.4, 128.46920000000006]
[4.0, 1.0, 8.0, 1.0, 0.7, 0.6, 0.4, 144.899]
[4.0, 1.0, 8.0, 1.0, 0.7, 0.7, 0.4, 145.679]
[4.0, 1.0, 8.0, 1.0, 0.7, 0.7999999999999999, 0.4, 152.2064]
[4.0, 1.0, 8.0, 1.0, 0.7, 0.8999999999999999, 0.4, 154.3202]
[4.0, 1.0, 8.0, 1.0, 0.7, 0.9999999999999999, 0.4, 155.23340000000002]
[4.0, 1.0, 8.0, 1.0, 0.7, 0.0, 0.5, 115.27579999999999]
[4.0, 1.0, 8.0, 1.0, 0.7, 0.1, 0.5, 115.31659999999992]
[4.0, 1.0, 8.0, 1.0, 0.7, 0.2, 0.5, 115.43240000000014]
[4.0, 1.0, 8.0, 1.0, 0.7, 0.30000000000000004, 0.5, 116.42719999999994]
[4.0, 1.0, 8.0, 1.0, 0.7, 0.4, 0.5, 123.512]
[4.0, 1.0, 8.0, 1.0, 0.7, 0.5, 0.5, 123.06140000000008]
[4.0, 1.0, 8.0, 1.0, 0.7, 0.6, 0.5, 133.44620000000003]
[4.0, 1.0, 8.0, 1.0, 0.7, 0.7, 0.5, 134.2256]
[4.0, 1.0, 8.0, 1.0, 0.7, 0.7999999999999999, 0.5, 146.90959999999998]
[4.0, 1.0, 8.0, 1.0, 0.7, 0.8999999999999999, 0.5, 151.8914]
[4.0, 1.0, 8.0, 1.0, 0.7, 0.9999999999999999, 0.5, 152.957]
[4.0, 1.0, 8.0, 1.0, 0.7, 0.0, 0.6, 115.3027999999999]
[4.0, 1.0, 8.0, 1.0, 0.7, 0.1, 0.6, 115.39100000000003]
[4.0, 1.0, 8.0, 1.0, 0.7, 0.2, 0.6, 115.40180000000004]
[4.0, 1.0, 8.0, 1.0, 0.7, 0.30000000000000004, 0.6, 115.6735999999999]
[4.0, 1.0, 8.0, 1.0, 0.7, 0.4, 0.6, 115.88659999999997]
[4.0, 1.0, 8.0, 1.0, 0.7, 0.5, 0.6, 117.72259999999999]
[4.0, 1.0, 8.0, 1.0, 0.7, 0.6, 0.6, 123.66859999999996]
[4.0, 1.0, 8.0, 1.0, 0.7, 0.7, 0.6, 129.5294]
[4.0, 1.0, 8.0, 1.0, 0.7, 0.7999999999999999, 0.6, 135.74119999999996]
[4.0, 1.0, 8.0, 1.0, 0.7, 0.8999999999999999, 0.6, 141.7172]
[4.0, 1.0, 8.0, 1.0, 0.7, 0.9999999999999999, 0.6, 142.13719999999998]
[4.0, 1.0, 8.0, 1.0, 0.7, 0.0, 0.7, 115.322]
[4.0, 1.0, 8.0, 1.0, 0.7, 0.1, 0.7, 115.35259999999998]
[4.0, 1.0, 8.0, 1.0, 0.7, 0.2, 0.7, 115.39760000000004]
[4.0, 1.0, 8.0, 1.0, 0.7, 0.30000000000000004, 0.7, 115.45639999999999]
[4.0, 1.0, 8.0, 1.0, 0.7, 0.4, 0.7, 115.61000000000007]
[4.0, 1.0, 8.0, 1.0, 0.7, 0.5, 0.7, 116.34380000000004]
[4.0, 1.0, 8.0, 1.0, 0.7, 0.6, 0.7, 116.45120000000009]
[4.0, 1.0, 8.0, 1.0, 0.7, 0.7, 0.7, 117.44120000000005]
[4.0, 1.0, 8.0, 1.0, 0.7, 0.7999999999999999, 0.7, 124.45999999999997]
[4.0, 1.0, 8.0, 1.0, 0.7, 0.8999999999999999, 0.7, 131.32519999999994]
[4.0, 1.0, 8.0, 1.0, 0.7, 0.9999999999999999, 0.7, 131.58259999999999]
[4.0, 1.0, 8.0, 1.0, 0.7, 0.0, 0.7999999999999999, 115.32499999999996]
[4.0, 1.0, 8.0, 1.0, 0.7, 0.1, 0.7999999999999999, 115.47079999999993]
[4.0, 1.0, 8.0, 1.0, 0.7, 0.2, 0.7999999999999999, 115.39220000000006]
[4.0, 1.0, 8.0, 1.0, 0.7, 0.30000000000000004, 0.7999999999999999, 115.51820000000002]
[4.0, 1.0, 8.0, 1.0, 0.7, 0.4, 0.7999999999999999, 115.67959999999997]
[4.0, 1.0, 8.0, 1.0, 0.7, 0.5, 0.7999999999999999, 115.59500000000008]
[4.0, 1.0, 8.0, 1.0, 0.7, 0.6, 0.7999999999999999, 115.63099999999997]
[4.0, 1.0, 8.0, 1.0, 0.7, 0.7, 0.7999999999999999, 115.67719999999991]
[4.0, 1.0, 8.0, 1.0, 0.7, 0.7999999999999999, 0.7999999999999999, 116.93299999999995]
[4.0, 1.0, 8.0, 1.0, 0.7, 0.8999999999999999, 0.7999999999999999, 116.34499999999998]
[4.0, 1.0, 8.0, 1.0, 0.7, 0.9999999999999999, 0.7999999999999999, 120.67159999999991]
[4.0, 1.0, 8.0, 1.0, 0.7, 0.0, 0.8999999999999999, 115.33039999999998]
[4.0, 1.0, 8.0, 1.0, 0.7, 0.1, 0.8999999999999999, 115.34720000000004]
[4.0, 1.0, 8.0, 1.0, 0.7, 0.2, 0.8999999999999999, 115.3622]
[4.0, 1.0, 8.0, 1.0, 0.7, 0.30000000000000004, 0.8999999999999999, 115.36820000000003]
[4.0, 1.0, 8.0, 1.0, 0.7, 0.4, 0.8999999999999999, 115.3766]
[4.0, 1.0, 8.0, 1.0, 0.7, 0.5, 0.8999999999999999, 115.40300000000002]
[4.0, 1.0, 8.0, 1.0, 0.7, 0.6, 0.8999999999999999, 115.41499999999998]
[4.0, 1.0, 8.0, 1.0, 0.7, 0.7, 0.8999999999999999, 115.38860000000003]
[4.0, 1.0, 8.0, 1.0, 0.7, 0.7999999999999999, 0.8999999999999999, 115.46659999999999]
[4.0, 1.0, 8.0, 1.0, 0.7, 0.8999999999999999, 0.8999999999999999, 115.47499999999988]
[4.0, 1.0, 8.0, 1.0, 0.7, 0.9999999999999999, 0.8999999999999999, 115.62200000000007]
[4.0, 1.0, 8.0, 1.0, 0.7, 0.0, 0.9999999999999999, 115.33879999999999]
[4.0, 1.0, 8.0, 1.0, 0.7, 0.1, 0.9999999999999999, 115.33879999999999]
[4.0, 1.0, 8.0, 1.0, 0.7, 0.2, 0.9999999999999999, 115.33879999999999]
[4.0, 1.0, 8.0, 1.0, 0.7, 0.30000000000000004, 0.9999999999999999, 115.33879999999999]
[4.0, 1.0, 8.0, 1.0, 0.7, 0.4, 0.9999999999999999, 115.33879999999999]
[4.0, 1.0, 8.0, 1.0, 0.7, 0.5, 0.9999999999999999, 115.33879999999999]
[4.0, 1.0, 8.0, 1.0, 0.7, 0.6, 0.9999999999999999, 115.33879999999999]
[4.0, 1.0, 8.0, 1.0, 0.7, 0.7, 0.9999999999999999, 115.33879999999999]
[4.0, 1.0, 8.0, 1.0, 0.7, 0.7999999999999999, 0.9999999999999999, 115.33879999999999]
[4.0, 1.0, 8.0, 1.0, 0.7, 0.8999999999999999, 0.9999999999999999, 115.33879999999999]
[4.0, 1.0, 8.0, 1.0, 0.7, 0.9999999999999999, 0.9999999999999999, 115.33879999999999]
[5.0, 0.0, 8.0, 1.0, 0.7, 0.0, 0.0, 109.55000000000003]
[5.0, 0.0, 8.0, 1.0, 0.7, 0.1, 0.0, 125.76560000000003]
[5.0, 0.0, 8.0, 1.0, 0.7, 0.2, 0.0, 143.15239999999997]
[5.0, 0.0, 8.0, 1.0, 0.7, 0.30000000000000004, 0.0, 146.45719999999997]
[5.0, 0.0, 8.0, 1.0, 0.7, 0.4, 0.0, 154.3916]
[5.0, 0.0, 8.0, 1.0, 0.7, 0.5, 0.0, 155.14640000000003]
[5.0, 0.0, 8.0, 1.0, 0.7, 0.6, 0.0, 155.35760000000002]
[5.0, 0.0, 8.0, 1.0, 0.7, 0.7, 0.0, 155.57960000000003]
[5.0, 0.0, 8.0, 1.0, 0.7, 0.7999999999999999, 0.0, 155.91499999999996]
[5.0, 0.0, 8.0, 1.0, 0.7, 0.8999999999999999, 0.0, 156.24619999999996]
[5.0, 0.0, 8.0, 1.0, 0.7, 0.9999999999999999, 0.0, 156.4952]
[5.0, 0.0, 8.0, 1.0, 0.7, 0.0, 0.1, 109.55000000000003]
[5.0, 0.0, 8.0, 1.0, 0.7, 0.1, 0.1, 124.02500000000008]
[5.0, 0.0, 8.0, 1.0, 0.7, 0.2, 0.1, 135.82760000000005]
[5.0, 0.0, 8.0, 1.0, 0.7, 0.30000000000000004, 0.1, 142.3136]
[5.0, 0.0, 8.0, 1.0, 0.7, 0.4, 0.1, 151.1018]
[5.0, 0.0, 8.0, 1.0, 0.7, 0.5, 0.1, 154.39640000000003]
[5.0, 0.0, 8.0, 1.0, 0.7, 0.6, 0.1, 155.17579999999998]
[5.0, 0.0, 8.0, 1.0, 0.7, 0.7, 0.1, 155.43259999999998]
[5.0, 0.0, 8.0, 1.0, 0.7, 0.7999999999999999, 0.1, 155.82319999999999]
[5.0, 0.0, 8.0, 1.0, 0.7, 0.8999999999999999, 0.1, 156.1088]
[5.0, 0.0, 8.0, 1.0, 0.7, 0.9999999999999999, 0.1, 156.176]
[5.0, 0.0, 8.0, 1.0, 0.7, 0.0, 0.2, 109.55000000000003]
[5.0, 0.0, 8.0, 1.0, 0.7, 0.1, 0.2, 122.4746]
[5.0, 0.0, 8.0, 1.0, 0.7, 0.2, 0.2, 134.42899999999997]
[5.0, 0.0, 8.0, 1.0, 0.7, 0.30000000000000004, 0.2, 140.79679999999996]
[5.0, 0.0, 8.0, 1.0, 0.7, 0.4, 0.2, 153.1442]
[5.0, 0.0, 8.0, 1.0, 0.7, 0.5, 0.2, 154.3076]
[5.0, 0.0, 8.0, 1.0, 0.7, 0.6, 0.2, 154.79000000000002]
[5.0, 0.0, 8.0, 1.0, 0.7, 0.7, 0.2, 155.33240000000004]
[5.0, 0.0, 8.0, 1.0, 0.7, 0.7999999999999999, 0.2, 155.5094]
[5.0, 0.0, 8.0, 1.0, 0.7, 0.8999999999999999, 0.2, 155.76919999999998]
[5.0, 0.0, 8.0, 1.0, 0.7, 0.9999999999999999, 0.2, 155.93419999999998]
[5.0, 0.0, 8.0, 1.0, 0.7, 0.0, 0.30000000000000004, 109.55000000000003]
[5.0, 0.0, 8.0, 1.0, 0.7, 0.1, 0.30000000000000004, 120.34100000000004]
[5.0, 0.0, 8.0, 1.0, 0.7, 0.2, 0.30000000000000004, 130.21520000000004]
[5.0, 0.0, 8.0, 1.0, 0.7, 0.30000000000000004, 0.30000000000000004, 138.95899999999997]
[5.0, 0.0, 8.0, 1.0, 0.7, 0.4, 0.30000000000000004, 143.93720000000002]
[5.0, 0.0, 8.0, 1.0, 0.7, 0.5, 0.30000000000000004, 150.182]
[5.0, 0.0, 8.0, 1.0, 0.7, 0.6, 0.30000000000000004, 154.58840000000004]
[5.0, 0.0, 8.0, 1.0, 0.7, 0.7, 0.30000000000000004, 155.0162]
[5.0, 0.0, 8.0, 1.0, 0.7, 0.7999999999999999, 0.30000000000000004, 155.31920000000005]
[5.0, 0.0, 8.0, 1.0, 0.7, 0.8999999999999999, 0.30000000000000004, 155.47519999999997]
[5.0, 0.0, 8.0, 1.0, 0.7, 0.9999999999999999, 0.30000000000000004, 155.66239999999996]
[5.0, 0.0, 8.0, 1.0, 0.7, 0.0, 0.4, 109.55000000000003]
[5.0, 0.0, 8.0, 1.0, 0.7, 0.1, 0.4, 119.79800000000017]
[5.0, 0.0, 8.0, 1.0, 0.7, 0.2, 0.4, 127.05200000000002]
[5.0, 0.0, 8.0, 1.0, 0.7, 0.30000000000000004, 0.4, 132.15560000000002]
[5.0, 0.0, 8.0, 1.0, 0.7, 0.4, 0.4, 145.72220000000002]
[5.0, 0.0, 8.0, 1.0, 0.7, 0.5, 0.4, 145.37959999999998]
[5.0, 0.0, 8.0, 1.0, 0.7, 0.6, 0.4, 153.737]
[5.0, 0.0, 8.0, 1.0, 0.7, 0.7, 0.4, 154.4054]
[5.0, 0.0, 8.0, 1.0, 0.7, 0.7999999999999999, 0.4, 154.99040000000002]
[5.0, 0.0, 8.0, 1.0, 0.7, 0.8999999999999999, 0.4, 155.09840000000003]
[5.0, 0.0, 8.0, 1.0, 0.7, 0.9999999999999999, 0.4, 155.33060000000003]
[5.0, 0.0, 8.0, 1.0, 0.7, 0.0, 0.5, 109.55000000000003]
[5.0, 0.0, 8.0, 1.0, 0.7, 0.1, 0.5, 117.88099999999997]
[5.0, 0.0, 8.0, 1.0, 0.7, 0.2, 0.5, 126.45200000000006]
[5.0, 0.0, 8.0, 1.0, 0.7, 0.30000000000000004, 0.5, 131.74939999999998]
[5.0, 0.0, 8.0, 1.0, 0.7, 0.4, 0.5, 137.7452]
[5.0, 0.0, 8.0, 1.0, 0.7, 0.5, 0.5, 144.03320000000002]
[5.0, 0.0, 8.0, 1.0, 0.7, 0.6, 0.5, 150.0704]
[5.0, 0.0, 8.0, 1.0, 0.7, 0.7, 0.5, 152.534]
[5.0, 0.0, 8.0, 1.0, 0.7, 0.7999999999999999, 0.5, 153.5102]
[5.0, 0.0, 8.0, 1.0, 0.7, 0.8999999999999999, 0.5, 154.9256]
[5.0, 0.0, 8.0, 1.0, 0.7, 0.9999999999999999, 0.5, 155.0342]
[5.0, 0.0, 8.0, 1.0, 0.7, 0.0, 0.6, 109.55000000000003]
[5.0, 0.0, 8.0, 1.0, 0.7, 0.1, 0.6, 116.795]
[5.0, 0.0, 8.0, 1.0, 0.7, 0.2, 0.6, 121.96819999999998]
[5.0, 0.0, 8.0, 1.0, 0.7, 0.30000000000000004, 0.6, 124.20320000000005]
[5.0, 0.0, 8.0, 1.0, 0.7, 0.4, 0.6, 131.846]
[5.0, 0.0, 8.0, 1.0, 0.7, 0.5, 0.6, 135.6254]
[5.0, 0.0, 8.0, 1.0, 0.7, 0.6, 0.6, 141.31880000000004]
[5.0, 0.0, 8.0, 1.0, 0.7, 0.7, 0.6, 145.9286]
[5.0, 0.0, 8.0, 1.0, 0.7, 0.7999999999999999, 0.6, 147.6404]
[5.0, 0.0, 8.0, 1.0, 0.7, 0.8999999999999999, 0.6, 153.3974]
[5.0, 0.0, 8.0, 1.0, 0.7, 0.9999999999999999, 0.6, 154.5548]
[5.0, 0.0, 8.0, 1.0, 0.7, 0.0, 0.7, 109.55000000000003]
[5.0, 0.0, 8.0, 1.0, 0.7, 0.1, 0.7, 114.0212]
[5.0, 0.0, 8.0, 1.0, 0.7, 0.2, 0.7, 119.71099999999993]
[5.0, 0.0, 8.0, 1.0, 0.7, 0.30000000000000004, 0.7, 122.94559999999986]
[5.0, 0.0, 8.0, 1.0, 0.7, 0.4, 0.7, 126.36439999999993]
[5.0, 0.0, 8.0, 1.0, 0.7, 0.5, 0.7, 130.5968]
[5.0, 0.0, 8.0, 1.0, 0.7, 0.6, 0.7, 131.99540000000002]
[5.0, 0.0, 8.0, 1.0, 0.7, 0.7, 0.7, 135.8738]
[5.0, 0.0, 8.0, 1.0, 0.7, 0.7999999999999999, 0.7, 142.42880000000002]
[5.0, 0.0, 8.0, 1.0, 0.7, 0.8999999999999999, 0.7, 148.832]
[5.0, 0.0, 8.0, 1.0, 0.7, 0.9999999999999999, 0.7, 146.2982]
[5.0, 0.0, 8.0, 1.0, 0.7, 0.0, 0.7999999999999999, 109.55000000000003]
[5.0, 0.0, 8.0, 1.0, 0.7, 0.1, 0.7999999999999999, 112.65260000000004]
[5.0, 0.0, 8.0, 1.0, 0.7, 0.2, 0.7999999999999999, 115.55779999999996]
[5.0, 0.0, 8.0, 1.0, 0.7, 0.30000000000000004, 0.7999999999999999, 117.99740000000006]
[5.0, 0.0, 8.0, 1.0, 0.7, 0.4, 0.7999999999999999, 121.30640000000001]
[5.0, 0.0, 8.0, 1.0, 0.7, 0.5, 0.7999999999999999, 122.52139999999997]
[5.0, 0.0, 8.0, 1.0, 0.7, 0.6, 0.7999999999999999, 128.801]
[5.0, 0.0, 8.0, 1.0, 0.7, 0.7, 0.7999999999999999, 131.18180000000004]
[5.0, 0.0, 8.0, 1.0, 0.7, 0.7999999999999999, 0.7999999999999999, 135.18619999999996]
[5.0, 0.0, 8.0, 1.0, 0.7, 0.8999999999999999, 0.7999999999999999, 134.2568]
[5.0, 0.0, 8.0, 1.0, 0.7, 0.9999999999999999, 0.7999999999999999, 137.35279999999992]
[5.0, 0.0, 8.0, 1.0, 0.7, 0.0, 0.8999999999999999, 109.55000000000003]
[5.0, 0.0, 8.0, 1.0, 0.7, 0.1, 0.8999999999999999, 111.2828]
[5.0, 0.0, 8.0, 1.0, 0.7, 0.2, 0.8999999999999999, 114.365]
[5.0, 0.0, 8.0, 1.0, 0.7, 0.30000000000000004, 0.8999999999999999, 114.32180000000002]
[5.0, 0.0, 8.0, 1.0, 0.7, 0.4, 0.8999999999999999, 115.18819999999988]
[5.0, 0.0, 8.0, 1.0, 0.7, 0.5, 0.8999999999999999, 118.41200000000003]
[5.0, 0.0, 8.0, 1.0, 0.7, 0.6, 0.8999999999999999, 119.41280000000015]
[5.0, 0.0, 8.0, 1.0, 0.7, 0.7, 0.8999999999999999, 120.58279999999998]
[5.0, 0.0, 8.0, 1.0, 0.7, 0.7999999999999999, 0.8999999999999999, 123.30380000000002]
[5.0, 0.0, 8.0, 1.0, 0.7, 0.8999999999999999, 0.8999999999999999, 121.35080000000004]
[5.0, 0.0, 8.0, 1.0, 0.7, 0.9999999999999999, 0.8999999999999999, 124.99160000000005]
[5.0, 0.0, 8.0, 1.0, 0.7, 0.0, 0.9999999999999999, 109.55000000000003]
[5.0, 0.0, 8.0, 1.0, 0.7, 0.1, 0.9999999999999999, 109.55000000000003]
[5.0, 0.0, 8.0, 1.0, 0.7, 0.2, 0.9999999999999999, 109.55000000000003]
[5.0, 0.0, 8.0, 1.0, 0.7, 0.30000000000000004, 0.9999999999999999, 109.55000000000003]
[5.0, 0.0, 8.0, 1.0, 0.7, 0.4, 0.9999999999999999, 109.55000000000003]
[5.0, 0.0, 8.0, 1.0, 0.7, 0.5, 0.9999999999999999, 109.55000000000003]
[5.0, 0.0, 8.0, 1.0, 0.7, 0.6, 0.9999999999999999, 109.55000000000003]
[5.0, 0.0, 8.0, 1.0, 0.7, 0.7, 0.9999999999999999, 109.55000000000003]
[5.0, 0.0, 8.0, 1.0, 0.7, 0.7999999999999999, 0.9999999999999999, 109.55000000000003]
[5.0, 0.0, 8.0, 1.0, 0.7, 0.8999999999999999, 0.9999999999999999, 109.55000000000003]
[5.0, 0.0, 8.0, 1.0, 0.7, 0.9999999999999999, 0.9999999999999999, 109.55000000000003]
