[0.0, 5.0, 8.0, 1.0, 0.7, 0.0, 0.0, 109.55479999999994]
[0.0, 5.0, 8.0, 1.0, 0.7, 0.1, 0.0, 109.81819999999992]
[0.0, 5.0, 8.0, 1.0, 0.7, 0.2, 0.0, 110.09659999999997]
[0.0, 5.0, 8.0, 1.0, 0.7, 0.30000000000000004, 0.0, 110.3948]
[0.0, 5.0, 8.0, 1.0, 0.7, 0.4, 0.0, 110.8046]
[0.0, 5.0, 8.0, 1.0, 0.7, 0.5, 0.0, 111.11359999999988]
[0.0, 5.0, 8.0, 1.0, 0.7, 0.6, 0.0, 111.66680000000002]
[0.0, 5.0, 8.0, 1.0, 0.7, 0.7, 0.0, 117.764]
[0.0, 5.0, 8.0, 1.0, 0.7, 0.7999999999999999, 0.0, 128.86340000000004]
[0.0, 5.0, 8.0, 1.0, 0.7, 0.8999999999999999, 0.0, 143.54119999999992]
[0.0, 5.0, 8.0, 1.0, 0.7, 0.9999999999999999, 0.0, 156.5]
[0.0, 5.0, 8.0, 1.0, 0.7, 0.0, 0.1, 109.87759999999997]
[0.0, 5.0, 8.0, 1.0, 0.7, 0.1, 0.1, 110.03900000000003]
[0.0, 5.0, 8.0, 1.0, 0.7, 0.2, 0.1, 110.25140000000005]
[0.0, 5.0, 8.0, 1.0, 0.7, 0.30000000000000004, 0.1, 110.4944]
[0.0, 5.0, 8.0, 1.0, 0.7, 0.4, 0.1, 110.96240000000003]
[0.0, 5.0, 8.0, 1.0, 0.7, 0.5, 0.1, 111.43939999999996]
[0.0, 5.0, 8.0, 1.0, 0.7, 0.6, 0.1, 112.27640000000001]
[0.0, 5.0, 8.0, 1.0, 0.7, 0.7, 0.1, 124.23980000000002]
[0.0, 5.0, 8.0, 1.0, 0.7, 0.7999999999999999, 0.1, 130.42279999999997]
[0.0, 5.0, 8.0, 1.0, 0.7, 0.8999999999999999, 0.1, 144.29660000000004]
[0.0, 5.0, 8.0, 1.0, 0.7, 0.9999999999999999, 0.1, 156.5]
[0.0, 5.0, 8.0, 1.0, 0.7, 0.0, 0.2, 110.11939999999991]
[0.0, 5.0, 8.0, 1.0, 0.7, 0.1, 0.2, 110.23580000000003]
[0.0, 5.0, 8.0, 1.0, 0.7, 0.2, 0.2, 110.53160000000004]
[0.0, 5.0, 8.0, 1.0, 0.7, 0.30000000000000004, 0.2, 110.80399999999995]
[0.0, 5.0, 8.0, 1.0, 0.7, 0.4, 0.2, 111.2372]
[0.0, 5.0, 8.0, 1.0, 0.7, 0.5, 0.2, 112.06819999999993]
[0.0, 5.0, 8.0, 1.0, 0.7, 0.6, 0.2, 115.2284]
[0.0, 5.0, 8.0, 1.0, 0.7, 0.7, 0.2, 121.90340000000005]
[0.0, 5.0, 8.0, 1.0, 0.7, 0.7999999999999999, 0.2, 134.6048]
[0.0, 5.0, 8.0, 1.0, 0.7, 0.8999999999999999, 0.2, 144.62480000000002]
[0.0, 5.0, 8.0, 1.0, 0.7, 0.9999999999999999, 0.2, 156.5]
[0.0, 5.0, 8.0, 1.0, 0.7, 0.0, 0.30000000000000004, 110.46619999999996]
[0.0, 5.0, 8.0, 1.0, 0.7, 0.1, 0.30000000000000004, 110.57719999999999]
[0.0, 5.0, 8.0, 1.0, 0.7, 0.2, 0.30000000000000004, 110.73799999999997]
[0.0, 5.0, 8.0, 1.0, 0.7, 0.30000000000000004, 0.30000000000000004, 111.04759999999999]
[0.0, 5.0, 8.0, 1.0, 0.7, 0.4, 0.30000000000000004, 111.47960000000005]
[0.0, 5.0, 8.0, 1.0, 0.7, 0.5, 0.30000000000000004, 113.38819999999994]
[0.0, 5.0, 8.0, 1.0, 0.7, 0.6, 0.30000000000000004, 121.01540000000001]
[0.0, 5.0, 8.0, 1.0, 0.7, 0.7, 0.30000000000000004, 127.59319999999992]
[0.0, 5.0, 8.0, 1.0, 0.7, 0.7999999999999999, 0.30000000000000004, 136.33579999999992]
[0.0, 5.0, 8.0, 1.0, 0.7, 0.8999999999999999, 0.30000000000000004, 146.71159999999998]
[0.0, 5.0, 8.0, 1.0, 0.7, 0.9999999999999999, 0.30000000000000004, 156.5]
[0.0, 5.0, 8.0, 1.0, 0.7, 0.0, 0.4, 110.7434]
[0.0, 5.0, 8.0, 1.0, 0.7, 0.1, 0.4, 111.11060000000006]
[0.0, 5.0, 8.0, 1.0, 0.7, 0.2, 0.4, 111.06859999999998]
[0.0, 5.0, 8.0, 1.0, 0.7, 0.30000000000000004, 0.4, 111.84859999999998]
[0.0, 5.0, 8.0, 1.0, 0.7, 0.4, 0.4, 115.60399999999997]
[0.0, 5.0, 8.0, 1.0, 0.7, 0.5, 0.4, 116.14100000000006]
[0.0, 5.0, 8.0, 1.0, 0.7, 0.6, 0.4, 120.13700000000006]
[0.0, 5.0, 8.0, 1.0, 0.7, 0.7, 0.4, 130.39099999999993]
[0.0, 5.0, 8.0, 1.0, 0.7, 0.7999999999999999, 0.4, 139.493]
[0.0, 5.0, 8.0, 1.0, 0.7, 0.8999999999999999, 0.4, 149.0228000000001]
[0.0, 5.0, 8.0, 1.0, 0.7, 0.9999999999999999, 0.4, 156.5]
[0.0, 5.0, 8.0, 1.0, 0.7, 0.0, 0.5, 111.00199999999992]
[0.0, 5.0, 8.0, 1.0, 0.7, 0.1, 0.5, 111.2198]
[0.0, 5.0, 8.0, 1.0, 0.7, 0.2, 0.5, 111.6818000000001]
[0.0, 5.0, 8.0, 1.0, 0.7, 0.30000000000000004, 0.5, 112.16779999999994]
[0.0, 5.0, 8.0, 1.0, 0.7, 0.4, 0.5, 115.98019999999998]
[0.0, 5.0, 8.0, 1.0, 0.7, 0.5, 0.5, 121.2392]
[0.0, 5.0, 8.0, 1.0, 0.7, 0.6, 0.5, 129.79160000000005]
[0.0, 5.0, 8.0, 1.0, 0.7, 0.7, 0.5, 131.29040000000003]
[0.0, 5.0, 8.0, 1.0, 0.7, 0.7999999999999999, 0.5, 137.41579999999993]
[0.0, 5.0, 8.0, 1.0, 0.7, 0.8999999999999999, 0.5, 148.49119999999996]
[0.0, 5.0, 8.0, 1.0, 0.7, 0.9999999999999999, 0.5, 156.5]
[0.0, 5.0, 8.0, 1.0, 0.7, 0.0, 0.6, 112.25420000000003]
[0.0, 5.0, 8.0, 1.0, 0.7, 0.1, 0.6, 111.88940000000005]
[0.0, 5.0, 8.0, 1.0, 0.7, 0.2, 0.6, 114.81079999999992]
[0.0, 5.0, 8.0, 1.0, 0.7, 0.30000000000000004, 0.6, 117.71479999999998]
[0.0, 5.0, 8.0, 1.0, 0.7, 0.4, 0.6, 123.18379999999996]
[0.0, 5.0, 8.0, 1.0, 0.7, 0.5, 0.6, 126.78439999999998]
[0.0, 5.0, 8.0, 1.0, 0.7, 0.6, 0.6, 134.35399999999993]
[0.0, 5.0, 8.0, 1.0, 0.7, 0.7, 0.6, 134.10019999999997]
[0.0, 5.0, 8.0, 1.0, 0.7, 0.7999999999999999, 0.6, 144.66019999999997]
[0.0, 5.0, 8.0, 1.0, 0.7, 0.8999999999999999, 0.6, 150.41779999999994]
[0.0, 5.0, 8.0, 1.0, 0.7, 0.9999999999999999, 0.6, 156.5]
[0.0, 5.0, 8.0, 1.0, 0.7, 0.0, 0.7, 119.84779999999994]
[0.0, 5.0, 8.0, 1.0, 0.7, 0.1, 0.7, 119.25020000000004]
[0.0, 5.0, 8.0, 1.0, 0.7, 0.2, 0.7, 125.71160000000005]
[0.0, 5.0, 8.0, 1.0, 0.7, 0.30000000000000004, 0.7, 127.10300000000001]
[0.0, 5.0, 8.0, 1.0, 0.7, 0.4, 0.7, 127.80680000000004]
[0.0, 5.0, 8.0, 1.0, 0.7, 0.5, 0.7, 134.63900000000004]
[0.0, 5.0, 8.0, 1.0, 0.7, 0.6, 0.7, 140.73020000000002]
[0.0, 5.0, 8.0, 1.0, 0.7, 0.7, 0.7, 139.40419999999997]
[0.0, 5.0, 8.0, 1.0, 0.7, 0.7999999999999999, 0.7, 146.6185999999999]
[0.0, 5.0, 8.0, 1.0, 0.7, 0.8999999999999999, 0.7, 151.46719999999996]
[0.0, 5.0, 8.0, 1.0, 0.7, 0.9999999999999999, 0.7, 156.5]
[0.0, 5.0, 8.0, 1.0, 0.7, 0.0, 0.7999999999999999, 128.19500000000005]
[0.0, 5.0, 8.0, 1.0, 0.7, 0.1, 0.7999999999999999, 129.35360000000003]
[0.0, 5.0, 8.0, 1.0, 0.7, 0.2, 0.7999999999999999, 132.0752000000001]
[0.0, 5.0, 8.0, 1.0, 0.7, 0.30000000000000004, 0.7999999999999999, 135.46879999999993]
[0.0, 5.0, 8.0, 1.0, 0.7, 0.4, 0.7999999999999999, 139.03700000000006]
[0.0, 5.0, 8.0, 1.0, 0.7, 0.5, 0.7999999999999999, 145.38619999999992]
[0.0, 5.0, 8.0, 1.0, 0.7, 0.6, 0.7999999999999999, 142.52119999999996]
[0.0, 5.0, 8.0, 1.0, 0.7, 0.7, 0.7999999999999999, 146.42060000000006]
[0.0, 5.0, 8.0, 1.0, 0.7, 0.7999999999999999, 0.7999999999999999, 152.86880000000002]
[0.0, 5.0, 8.0, 1.0, 0.7, 0.8999999999999999, 0.7999999999999999, 152.48960000000002]
[0.0, 5.0, 8.0, 1.0, 0.7, 0.9999999999999999, 0.7999999999999999, 156.5]
[0.0, 5.0, 8.0, 1.0, 0.7, 0.0, 0.8999999999999999, 141.2894]
[0.0, 5.0, 8.0, 1.0, 0.7, 0.1, 0.8999999999999999, 141.51139999999998]
[0.0, 5.0, 8.0, 1.0, 0.7, 0.2, 0.8999999999999999, 140.94919999999996]
[0.0, 5.0, 8.0, 1.0, 0.7, 0.30000000000000004, 0.8999999999999999, 146.5208]
[0.0, 5.0, 8.0, 1.0, 0.7, 0.4, 0.8999999999999999, 148.73960000000002]
[0.0, 5.0, 8.0, 1.0, 0.7, 0.5, 0.8999999999999999, 147.55159999999998]
[0.0, 5.0, 8.0, 1.0, 0.7, 0.6, 0.8999999999999999, 151.2253999999999]
[0.0, 5.0, 8.0, 1.0, 0.7, 0.7, 0.8999999999999999, 150.71780000000004]
[0.0, 5.0, 8.0, 1.0, 0.7, 0.7999999999999999, 0.8999999999999999, 153.01160000000002]
[0.0, 5.0, 8.0, 1.0, 0.7, 0.8999999999999999, 0.8999999999999999, 154.79420000000002]
[0.0, 5.0, 8.0, 1.0, 0.7, 0.9999999999999999, 0.8999999999999999, 156.5]
[0.0, 5.0, 8.0, 1.0, 0.7, 0.0, 0.9999999999999999, 156.5]
[0.0, 5.0, 8.0, 1.0, 0.7, 0.1, 0.9999999999999999, 156.5]
[0.0, 5.0, 8.0, 1.0, 0.7, 0.2, 0.9999999999999999, 156.5]
[0.0, 5.0, 8.0, 1.0, 0.7, 0.30000000000000004, 0.9999999999999999, 156.5]
[0.0, 5.0, 8.0, 1.0, 0.7, 0.4, 0.9999999999999999, 156.5]
[0.0, 5.0, 8.0, 1.0, 0.7, 0.5, 0.9999999999999999, 156.5]
[0.0, 5.0, 8.0, 1.0, 0.7, 0.6, 0.9999999999999999, 156.5]
[0.0, 5.0, 8.0, 1.0, 0.7, 0.7, 0.9999999999999999, 156.5]
[0.0, 5.0, 8.0, 1.0, 0.7, 0.7999999999999999, 0.9999999999999999, 156.5]
[0.0, 5.0, 8.0, 1.0, 0.7, 0.8999999999999999, 0.9999999999999999, 156.5]
[0.0, 5.0, 8.0, 1.0, 0.7, 0.9999999999999999, 0.9999999999999999, 156.5]
[1.0, 4.0, 8.0, 1.0, 0.7, 0.0, 0.0, 109.55479999999994]
[1.0, 4.0, 8.0, 1.0, 0.7, 0.1, 0.0, 109.8446]
[1.0, 4.0, 8.0, 1.0, 0.7, 0.2, 0.0, 110.19560000000004]
[1.0, 4.0, 8.0, 1.0, 0.7, 0.30000000000000004, 0.0, 110.36480000000006]
[1.0, 4.0, 8.0, 1.0, 0.7, 0.4, 0.0, 110.98459999999994]
[1.0, 4.0, 8.0, 1.0, 0.7, 0.5, 0.0, 112.13719999999996]
[1.0, 4.0, 8.0, 1.0, 0.7, 0.6, 0.0, 119.4914]
[1.0, 4.0, 8.0, 1.0, 0.7, 0.7, 0.0, 132.58400000000003]
[1.0, 4.0, 8.0, 1.0, 0.7, 0.7999999999999999, 0.0, 144.99020000000002]
[1.0, 4.0, 8.0, 1.0, 0.7, 0.8999999999999999, 0.0, 156.1064]
[1.0, 4.0, 8.0, 1.0, 0.7, 0.9999999999999999, 0.0, 156.49220000000003]
[1.0, 4.0, 8.0, 1.0, 0.7, 0.0, 0.1, 109.7671999999999]
[1.0, 4.0, 8.0, 1.0, 0.7, 0.1, 0.1, 110.12000000000006]
[1.0, 4.0, 8.0, 1.0, 0.7, 0.2, 0.1, 110.47220000000002]
[1.0, 4.0, 8.0, 1.0, 0.7, 0.30000000000000004, 0.1, 110.5778]
[1.0, 4.0, 8.0, 1.0, 0.7, 0.4, 0.1, 111.10339999999997]
[1.0, 4.0, 8.0, 1.0, 0.7, 0.5, 0.1, 116.85620000000003]
[1.0, 4.0, 8.0, 1.0, 0.7, 0.6, 0.1, 123.884]
[1.0, 4.0, 8.0, 1.0, 0.7, 0.7, 0.1, 131.0324]
[1.0, 4.0, 8.0, 1.0, 0.7, 0.7999999999999999, 0.1, 136.51700000000002]
[1.0, 4.0, 8.0, 1.0, 0.7, 0.8999999999999999, 0.1, 148.12400000000002]
[1.0, 4.0, 8.0, 1.0, 0.7, 0.9999999999999999, 0.1, 155.759]
[1.0, 4.0, 8.0, 1.0, 0.7, 0.0, 0.2, 110.05160000000006]
[1.0, 4.0, 8.0, 1.0, 0.7, 0.1, 0.2, 110.40619999999983]
[1.0, 4.0, 8.0, 1.0, 0.7, 0.2, 0.2, 110.8634000000001]
[1.0, 4.0, 8.0, 1.0, 0.7, 0.30000000000000004, 0.2, 111.14179999999998]
[1.0, 4.0, 8.0, 1.0, 0.7, 0.4, 0.2, 113.24360000000006]
[1.0, 4.0, 8.0, 1.0, 0.7, 0.5, 0.2, 117.78439999999999]
[1.0, 4.0, 8.0, 1.0, 0.7, 0.6, 0.2, 127.12039999999996]
[1.0, 4.0, 8.0, 1.0, 0.7, 0.7, 0.2, 132.47719999999998]
[1.0, 4.0, 8.0, 1.0, 0.7, 0.7999999999999999, 0.2, 132.91039999999998]
[1.0, 4.0, 8.0, 1.0, 0.7, 0.8999999999999999, 0.2, 139.08320000000003]
[1.0, 4.0, 8.0, 1.0, 0.7, 0.9999999999999999, 0.2, 148.72759999999997]
[1.0, 4.0, 8.0, 1.0, 0.7, 0.0, 0.30000000000000004, 110.39839999999997]
[1.0, 4.0, 8.0, 1.0, 0.7, 0.1, 0.30000000000000004, 110.64679999999993]
[1.0, 4.0, 8.0, 1.0, 0.7, 0.2, 0.30000000000000004, 111.06560000000007]
[1.0, 4.0, 8.0, 1.0, 0.7, 0.30000000000000004, 0.30000000000000004, 114.74299999999998]
[1.0, 4.0, 8.0, 1.0, 0.7, 0.4, 0.30000000000000004, 114.06679999999994]
[1.0, 4.0, 8.0, 1.0, 0.7, 0.5, 0.30000000000000004, 127.08919999999998]
[1.0, 4.0, 8.0, 1.0, 0.7, 0.6, 0.30000000000000004, 129.87319999999994]
[1.0, 4.0, 8.0, 1.0, 0.7, 0.7, 0.30000000000000004, 132.2744]
[1.0, 4.0, 8.0, 1.0, 0.7, 0.7999999999999999, 0.30000000000000004, 132.55339999999995]
[1.0, 4.0, 8.0, 1.0, 0.7, 0.8999999999999999, 0.30000000000000004, 132.7856]
[1.0, 4.0, 8.0, 1.0, 0.7, 0.9999999999999999, 0.30000000000000004, 137.10080000000002]
[1.0, 4.0, 8.0, 1.0, 0.7, 0.0, 0.4, 111.06439999999995]
[1.0, 4.0, 8.0, 1.0, 0.7, 0.1, 0.4, 110.98639999999992]
[1.0, 4.0, 8.0, 1.0, 0.7, 0.2, 0.4, 113.74640000000007]
[1.0, 4.0, 8.0, 1.0, 0.7, 0.30000000000000004, 0.4, 118.45759999999996]
[1.0, 4.0, 8.0, 1.0, 0.7, 0.4, 0.4, 125.88679999999994]
[1.0, 4.0, 8.0, 1.0, 0.7, 0.5, 0.4, 129.9092]
[1.0, 4.0, 8.0, 1.0, 0.7, 0.6, 0.4, 132.01280000000003]
[1.0, 4.0, 8.0, 1.0, 0.7, 0.7, 0.4, 131.89639999999997]
[1.0, 4.0, 8.0, 1.0, 0.7, 0.7999999999999999, 0.4, 132.56539999999995]
[1.0, 4.0, 8.0, 1.0, 0.7, 0.8999999999999999, 0.4, 132.56299999999993]
[1.0, 4.0, 8.0, 1.0, 0.7, 0.9999999999999999, 0.4, 132.98779999999996]
[1.0, 4.0, 8.0, 1.0, 0.7, 0.0, 0.5, 111.89359999999992]
[1.0, 4.0, 8.0, 1.0, 0.7, 0.1, 0.5, 114.08540000000004]
[1.0, 4.0, 8.0, 1.0, 0.7, 0.2, 0.5, 120.57679999999989]
[1.0, 4.0, 8.0, 1.0, 0.7, 0.30000000000000004, 0.5, 128.31980000000007]
[1.0, 4.0, 8.0, 1.0, 0.7, 0.4, 0.5, 129.58280000000002]
[1.0, 4.0, 8.0, 1.0, 0.7, 0.5, 0.5, 130.92739999999998]
[1.0, 4.0, 8.0, 1.0, 0.7, 0.6, 0.5, 132.119]
[1.0, 4.0, 8.0, 1.0, 0.7, 0.7, 0.5, 132.38840000000002]
[1.0, 4.0, 8.0, 1.0, 0.7, 0.7999999999999999, 0.5, 132.42439999999993]
[1.0, 4.0, 8.0, 1.0, 0.7, 0.8999999999999999, 0.5, 132.49520000000007]
[1.0, 4.0, 8.0, 1.0, 0.7, 0.9999999999999999, 0.5, 133.03460000000007]
[1.0, 4.0, 8.0, 1.0, 0.7, 0.0, 0.6, 119.93300000000006]
[1.0, 4.0, 8.0, 1.0, 0.7, 0.1, 0.6, 122.38940000000005]
[1.0, 4.0, 8.0, 1.0, 0.7, 0.2, 0.6, 125.8904]
[1.0, 4.0, 8.0, 1.0, 0.7, 0.30000000000000004, 0.6, 131.69660000000002]
[1.0, 4.0, 8.0, 1.0, 0.7, 0.4, 0.6, 131.88980000000004]
[1.0, 4.0, 8.0, 1.0, 0.7, 0.5, 0.6, 131.98220000000003]
[1.0, 4.0, 8.0, 1.0, 0.7, 0.6, 0.6, 132.21560000000002]
[1.0, 4.0, 8.0, 1.0, 0.7, 0.7, 0.6, 132.3482]
[1.0, 4.0, 8.0, 1.0, 0.7, 0.7999999999999999, 0.6, 132.4106]
[1.0, 4.0, 8.0, 1.0, 0.7, 0.8999999999999999, 0.6, 132.48260000000008]
[1.0, 4.0, 8.0, 1.0, 0.7, 0.9999999999999999, 0.6, 132.77540000000002]
[1.0, 4.0, 8.0, 1.0, 0.7, 0.0, 0.7, 128.96959999999996]
[1.0, 4.0, 8.0, 1.0, 0.7, 0.1, 0.7, 131.22560000000004]
[1.0, 4.0, 8.0, 1.0, 0.7, 0.2, 0.7, 131.894]
[1.0, 4.0, 8.0, 1.0, 0.7, 0.30000000000000004, 0.7, 131.66360000000003]
[1.0, 4.0, 8.0, 1.0, 0.7, 0.4, 0.7, 132.10040000000006]
[1.0, 4.0, 8.0, 1.0, 0.7, 0.5, 0.7, 132.02360000000002]
[1.0, 4.0, 8.0, 1.0, 0.7, 0.6, 0.7, 132.2888]
[1.0, 4.0, 8.0, 1.0, 0.7, 0.7, 0.7, 132.3632]
[1.0, 4.0, 8.0, 1.0, 0.7, 0.7999999999999999, 0.7, 132.3872]
[1.0, 4.0, 8.0, 1.0, 0.7, 0.8999999999999999, 0.7, 132.2972]
[1.0, 4.0, 8.0, 1.0, 0.7, 0.9999999999999999, 0.7, 132.46639999999996]
[1.0, 4.0, 8.0, 1.0, 0.7, 0.0, 0.7999999999999999, 131.65939999999998]
[1.0, 4.0, 8.0, 1.0, 0.7, 0.1, 0.7999999999999999, 132.07700000000003]
[1.0, 4.0, 8.0, 1.0, 0.7, 0.2, 0.7999999999999999, 132.07159999999996]
[1.0, 4.0, 8.0, 1.0, 0.7, 0.30000000000000004, 0.7999999999999999, 132.2492]
[1.0, 4.0, 8.0, 1.0, 0.7, 0.4, 0.7999999999999999, 132.24620000000007]
[1.0, 4.0, 8.0, 1.0, 0.7, 0.5, 0.7999999999999999, 132.272]
[1.0, 4.0, 8.0, 1.0, 0.7, 0.6, 0.7999999999999999, 132.34580000000005]
[1.0, 4.0, 8.0, 1.0, 0.7, 0.7, 0.7999999999999999, 132.34279999999998]
[1.0, 4.0, 8.0, 1.0, 0.7, 0.7999999999999999, 0.7999999999999999, 132.38300000000004]
[1.0, 4.0, 8.0, 1.0, 0.7, 0.8999999999999999, 0.7999999999999999, 132.41599999999997]
[1.0, 4.0, 8.0, 1.0, 0.7, 0.9999999999999999, 0.7999999999999999, 132.44600000000003]
[1.0, 4.0, 8.0, 1.0, 0.7, 0.0, 0.8999999999999999, 132.269]
[1.0, 4.0, 8.0, 1.0, 0.7, 0.1, 0.8999999999999999, 132.272]
[1.0, 4.0, 8.0, 1.0, 0.7, 0.2, 0.8999999999999999, 132.3212]
[1.0, 4.0, 8.0, 1.0, 0.7, 0.30000000000000004, 0.8999999999999999, 132.15079999999998]
[1.0, 4.0, 8.0, 1.0, 0.7, 0.4, 0.8999999999999999, 132.3362]
[1.0, 4.0, 8.0, 1.0, 0.7, 0.5, 0.8999999999999999, 132.35299999999998]
[1.0, 4.0, 8.0, 1.0, 0.7, 0.6, 0.8999999999999999, 132.36260000000004]
[1.0, 4.0, 8.0, 1.0, 0.7, 0.7, 0.8999999999999999, 132.2576]
[1.0, 4.0, 8.0, 1.0, 0.7, 0.7999999999999999, 0.8999999999999999, 132.36860000000004]
[1.0, 4.0, 8.0, 1.0, 0.7, 0.8999999999999999, 0.8999999999999999, 132.38479999999998]
[1.0, 4.0, 8.0, 1.0, 0.7, 0.9999999999999999, 0.8999999999999999, 132.39020000000005]
[1.0, 4.0, 8.0, 1.0, 0.7, 0.0, 0.9999999999999999, 132.3728]
[1.0, 4.0, 8.0, 1.0, 0.7, 0.1, 0.9999999999999999, 132.3728]
[1.0, 4.0, 8.0, 1.0, 0.7, 0.2, 0.9999999999999999, 132.3728]
[1.0, 4.0, 8.0, 1.0, 0.7, 0.30000000000000004, 0.9999999999999999, 132.3728]
[1.0, 4.0, 8.0, 1.0, 0.7, 0.4, 0.9999999999999999, 132.3728]
[1.0, 4.0, 8.0, 1.0, 0.7, 0.5, 0.9999999999999999, 132.3728]
[1.0, 4.0, 8.0, 1.0, 0.7, 0.6, 0.9999999999999999, 132.3728]
[1.0, 4.0, 8.0, 1.0, 0.7, 0.7, 0.9999999999999999, 132.3728]
[1.0, 4.0, 8.0, 1.0, 0.7, 0.7999999999999999, 0.9999999999999999, 132.3728]
[1.0, 4.0, 8.0, 1.0, 0.7, 0.8999999999999999, 0.9999999999999999, 132.3728]
[1.0, 4.0, 8.0, 1.0, 0.7, 0.9999999999999999, 0.9999999999999999, 132.3728]
[2.0, 3.0, 8.0, 1.0, 0.7, 0.0, 0.0, 109.55479999999994]
[2.0, 3.0, 8.0, 1.0, 0.7, 0.1, 0.0, 109.88179999999998]
[2.0, 3.0, 8.0, 1.0, 0.7, 0.2, 0.0, 110.16499999999989]
[2.0, 3.0, 8.0, 1.0, 0.7, 0.30000000000000004, 0.0, 110.60180000000004]
[2.0, 3.0, 8.0, 1.0, 0.7, 0.4, 0.0, 113.56040000000003]
[2.0, 3.0, 8.0, 1.0, 0.7, 0.5, 0.0, 119.042]
[2.0, 3.0, 8.0, 1.0, 0.7, 0.6, 0.0, 145.34959999999995]
[2.0, 3.0, 8.0, 1.0, 0.7, 0.7, 0.0, 151.8938]
[2.0, 3.0, 8.0, 1.0, 0.7, 0.7999999999999999, 0.0, 155.52919999999997]
[2.0, 3.0, 8.0, 1.0, 0.7, 0.8999999999999999, 0.0, 156.1016]
[2.0, 3.0, 8.0, 1.0, 0.7, 0.9999999999999999, 0.0, 156.49220000000003]
[2.0, 3.0, 8.0, 1.0, 0.7, 0.0, 0.1, 109.89620000000004]
[2.0, 3.0, 8.0, 1.0, 0.7, 0.1, 0.1, 110.10079999999999]
[2.0, 3.0, 8.0, 1.0, 0.7, 0.2, 0.1, 110.53460000000004]
[2.0, 3.0, 8.0, 1.0, 0.7, 0.30000000000000004, 0.1, 111.87920000000004]
[2.0, 3.0, 8.0, 1.0, 0.7, 0.4, 0.1, 116.68400000000003]
[2.0, 3.0, 8.0, 1.0, 0.7, 0.5, 0.1, 126.32299999999987]
[2.0, 3.0, 8.0, 1.0, 0.7, 0.6, 0.1, 130.31959999999995]
[2.0, 3.0, 8.0, 1.0, 0.7, 0.7, 0.1, 141.65780000000007]
[2.0, 3.0, 8.0, 1.0, 0.7, 0.7999999999999999, 0.1, 153.4472]
[2.0, 3.0, 8.0, 1.0, 0.7, 0.8999999999999999, 0.1, 155.57299999999998]
[2.0, 3.0, 8.0, 1.0, 0.7, 0.9999999999999999, 0.1, 156.2426]
[2.0, 3.0, 8.0, 1.0, 0.7, 0.0, 0.2, 110.10620000000002]
[2.0, 3.0, 8.0, 1.0, 0.7, 0.1, 0.2, 110.65279999999996]
[2.0, 3.0, 8.0, 1.0, 0.7, 0.2, 0.2, 111.20239999999995]
[2.0, 3.0, 8.0, 1.0, 0.7, 0.30000000000000004, 0.2, 115.6321999999999]
[2.0, 3.0, 8.0, 1.0, 0.7, 0.4, 0.2, 125.71339999999994]
[2.0, 3.0, 8.0, 1.0, 0.7, 0.5, 0.2, 125.99959999999989]
[2.0, 3.0, 8.0, 1.0, 0.7, 0.6, 0.2, 127.8698]
[2.0, 3.0, 8.0, 1.0, 0.7, 0.7, 0.2, 130.0796]
[2.0, 3.0, 8.0, 1.0, 0.7, 0.7999999999999999, 0.2, 144.0788]
[2.0, 3.0, 8.0, 1.0, 0.7, 0.8999999999999999, 0.2, 153.71779999999998]
[2.0, 3.0, 8.0, 1.0, 0.7, 0.9999999999999999, 0.2, 155.56519999999998]
[2.0, 3.0, 8.0, 1.0, 0.7, 0.0, 0.30000000000000004, 110.80100000000003]
[2.0, 3.0, 8.0, 1.0, 0.7, 0.1, 0.30000000000000004, 113.0828]
[2.0, 3.0, 8.0, 1.0, 0.7, 0.2, 0.30000000000000004, 119.1206000000001]
[2.0, 3.0, 8.0, 1.0, 0.7, 0.30000000000000004, 0.30000000000000004, 122.92099999999995]
[2.0, 3.0, 8.0, 1.0, 0.7, 0.4, 0.30000000000000004, 126.19400000000012]
[2.0, 3.0, 8.0, 1.0, 0.7, 0.5, 0.30000000000000004, 126.827]
[2.0, 3.0, 8.0, 1.0, 0.7, 0.6, 0.30000000000000004, 127.25899999999992]
[2.0, 3.0, 8.0, 1.0, 0.7, 0.7, 0.30000000000000004, 127.69460000000002]
[2.0, 3.0, 8.0, 1.0, 0.7, 0.7999999999999999, 0.30000000000000004, 130.5512]
[2.0, 3.0, 8.0, 1.0, 0.7, 0.8999999999999999, 0.30000000000000004, 143.96540000000002]
[2.0, 3.0, 8.0, 1.0, 0.7, 0.9999999999999999, 0.30000000000000004, 150.18860000000004]
[2.0, 3.0, 8.0, 1.0, 0.7, 0.0, 0.4, 115.15700000000002]
[2.0, 3.0, 8.0, 1.0, 0.7, 0.1, 0.4, 118.68979999999993]
[2.0, 3.0, 8.0, 1.0, 0.7, 0.2, 0.4, 123.9728]
[2.0, 3.0, 8.0, 1.0, 0.7, 0.30000000000000004, 0.4, 125.2658]
[2.0, 3.0, 8.0, 1.0, 0.7, 0.4, 0.4, 126.45559999999992]
[2.0, 3.0, 8.0, 1.0, 0.7, 0.5, 0.4, 126.9356]
[2.0, 3.0, 8.0, 1.0, 0.7, 0.6, 0.4, 126.79700000000003]
[2.0, 3.0, 8.0, 1.0, 0.7, 0.7, 0.4, 127.01599999999985]
[2.0, 3.0, 8.0, 1.0, 0.7, 0.7999999999999999, 0.4, 128.60659999999996]
[2.0, 3.0, 8.0, 1.0, 0.7, 0.8999999999999999, 0.4, 131.279]
[2.0, 3.0, 8.0, 1.0, 0.7, 0.9999999999999999, 0.4, 136.33399999999997]
[2.0, 3.0, 8.0, 1.0, 0.7, 0.0, 0.5, 122.9816]
[2.0, 3.0, 8.0, 1.0, 0.7, 0.1, 0.5, 125.60840000000002]
[2.0, 3.0, 8.0, 1.0, 0.7, 0.2, 0.5, 125.12059999999988]
[2.0, 3.0, 8.0, 1.0, 0.7, 0.30000000000000004, 0.5, 126.53960000000001]
[2.0, 3.0, 8.0, 1.0, 0.7, 0.4, 0.5, 126.65839999999999]
[2.0, 3.0, 8.0, 1.0, 0.7, 0.5, 0.5, 126.77899999999993]
[2.0, 3.0, 8.0, 1.0, 0.7, 0.6, 0.5, 126.92959999999997]
[2.0, 3.0, 8.0, 1.0, 0.7, 0.7, 0.5, 127.37179999999994]
[2.0, 3.0, 8.0, 1.0, 0.7, 0.7999999999999999, 0.5, 127.42339999999992]
[2.0, 3.0, 8.0, 1.0, 0.7, 0.8999999999999999, 0.5, 127.20439999999998]
[2.0, 3.0, 8.0, 1.0, 0.7, 0.9999999999999999, 0.5, 129.36140000000006]
[2.0, 3.0, 8.0, 1.0, 0.7, 0.0, 0.6, 126.1646]
[2.0, 3.0, 8.0, 1.0, 0.7, 0.1, 0.6, 126.3362]
[2.0, 3.0, 8.0, 1.0, 0.7, 0.2, 0.6, 126.44300000000001]
[2.0, 3.0, 8.0, 1.0, 0.7, 0.30000000000000004, 0.6, 126.46939999999991]
[2.0, 3.0, 8.0, 1.0, 0.7, 0.4, 0.6, 126.68600000000004]
[2.0, 3.0, 8.0, 1.0, 0.7, 0.5, 0.6, 126.76459999999999]
[2.0, 3.0, 8.0, 1.0, 0.7, 0.6, 0.6, 126.76699999999998]
[2.0, 3.0, 8.0, 1.0, 0.7, 0.7, 0.6, 126.99619999999994]
[2.0, 3.0, 8.0, 1.0, 0.7, 0.7999999999999999, 0.6, 127.03700000000002]
[2.0, 3.0, 8.0, 1.0, 0.7, 0.8999999999999999, 0.6, 127.42100000000006]
[2.0, 3.0, 8.0, 1.0, 0.7, 0.9999999999999999, 0.6, 127.28059999999995]
[2.0, 3.0, 8.0, 1.0, 0.7, 0.0, 0.7, 126.56119999999991]
[2.0, 3.0, 8.0, 1.0, 0.7, 0.1, 0.7, 126.56959999999998]
[2.0, 3.0, 8.0, 1.0, 0.7, 0.2, 0.7, 126.65120000000005]
[2.0, 3.0, 8.0, 1.0, 0.7, 0.30000000000000004, 0.7, 126.68059999999993]
[2.0, 3.0, 8.0, 1.0, 0.7, 0.4, 0.7, 126.73519999999999]
[2.0, 3.0, 8.0, 1.0, 0.7, 0.5, 0.7, 126.74599999999995]
[2.0, 3.0, 8.0, 1.0, 0.7, 0.6, 0.7, 126.85160000000002]
[2.0, 3.0, 8.0, 1.0, 0.7, 0.7, 0.7, 126.78499999999998]
[2.0, 3.0, 8.0, 1.0, 0.7, 0.7999999999999999, 0.7, 126.86179999999992]
[2.0, 3.0, 8.0, 1.0, 0.7, 0.8999999999999999, 0.7, 126.90679999999993]
[2.0, 3.0, 8.0, 1.0, 0.7, 0.9999999999999999, 0.7, 127.00400000000006]
[2.0, 3.0, 8.0, 1.0, 0.7, 0.0, 0.7999999999999999, 126.6614]
[2.0, 3.0, 8.0, 1.0, 0.7, 0.1, 0.7999999999999999, 126.6764]
[2.0, 3.0, 8.0, 1.0, 0.7, 0.2, 0.7999999999999999, 126.70159999999998]
[2.0, 3.0, 8.0, 1.0, 0.7, 0.30000000000000004, 0.7999999999999999, 126.71600000000008]
[2.0, 3.0, 8.0, 1.0, 0.7, 0.4, 0.7999999999999999, 126.76520000000004]
[2.0, 3.0, 8.0, 1.0, 0.7, 0.5, 0.7999999999999999, 126.7436]
[2.0, 3.0, 8.0, 1.0, 0.7, 0.6, 0.7999999999999999, 126.77539999999999]
[2.0, 3.0, 8.0, 1.0, 0.7, 0.7, 0.7999999999999999, 126.79580000000003]
[2.0, 3.0, 8.0, 1.0, 0.7, 0.7999999999999999, 0.7999999999999999, 126.8174]
[2.0, 3.0, 8.0, 1.0, 0.7, 0.8999999999999999, 0.7999999999999999, 126.86540000000007]
[2.0, 3.0, 8.0, 1.0, 0.7, 0.9999999999999999, 0.7999999999999999, 126.84620000000002]
[2.0, 3.0, 8.0, 1.0, 0.7, 0.0, 0.8999999999999999, 126.72379999999995]
[2.0, 3.0, 8.0, 1.0, 0.7, 0.1, 0.8999999999999999, 126.70639999999999]
[2.0, 3.0, 8.0, 1.0, 0.7, 0.2, 0.8999999999999999, 126.74]
[2.0, 3.0, 8.0, 1.0, 0.7, 0.30000000000000004, 0.8999999999999999, 126.73999999999994]
[2.0, 3.0, 8.0, 1.0, 0.7, 0.4, 0.8999999999999999, 126.75859999999997]
[2.0, 3.0, 8.0, 1.0, 0.7, 0.5, 0.8999999999999999, 126.74059999999997]
[2.0, 3.0, 8.0, 1.0, 0.7, 0.6, 0.8999999999999999, 126.74299999999992]
[2.0, 3.0, 8.0, 1.0, 0.7, 0.7, 0.8999999999999999, 126.77540000000003]
[2.0, 3.0, 8.0, 1.0, 0.7, 0.7999999999999999, 0.8999999999999999, 126.7766]
[2.0, 3.0, 8.0, 1.0, 0.7, 0.8999999999999999, 0.8999999999999999, 126.79339999999999]
[2.0, 3.0, 8.0, 1.0, 0.7, 0.9999999999999999, 0.8999999999999999, 126.79519999999997]
[2.0, 3.0, 8.0, 1.0, 0.7, 0.0, 0.9999999999999999, 126.75259999999996]
[2.0, 3.0, 8.0, 1.0, 0.7, 0.1, 0.9999999999999999, 126.75259999999996]
[2.0, 3.0, 8.0, 1.0, 0.7, 0.2, 0.9999999999999999, 126.75259999999996]
[2.0, 3.0, 8.0, 1.0, 0.7, 0.30000000000000004, 0.9999999999999999, 126.75259999999996]
[2.0, 3.0, 8.0, 1.0, 0.7, 0.4, 0.9999999999999999, 126.75259999999996]
[2.0, 3.0, 8.0, 1.0, 0.7, 0.5, 0.9999999999999999, 126.75259999999996]
[2.0, 3.0, 8.0, 1.0, 0.7, 0.6, 0.9999999999999999, 126.75259999999996]
[2.0, 3.0, 8.0, 1.0, 0.7, 0.7, 0.9999999999999999, 126.75259999999996]
[2.0, 3.0, 8.0, 1.0, 0.7, 0.7999999999999999, 0.9999999999999999, 126.75259999999996]
[2.0, 3.0, 8.0, 1.0, 0.7, 0.8999999999999999, 0.9999999999999999, 126.75259999999996]
[2.0, 3.0, 8.0, 1.0, 0.7, 0.9999999999999999, 0.9999999999999999, 126.75259999999996]
[3.0, 2.0, 8.0, 1.0, 0.7, 0.0, 0.0, 109.55479999999994]
[3.0, 2.0, 8.0, 1.0, 0.7, 0.1, 0.0, 109.88599999999995]
[3.0, 2.0, 8.0, 1.0, 0.7, 0.2, 0.0, 110.35820000000004]
[3.0, 2.0, 8.0, 1.0, 0.7, 0.30000000000000004, 0.0, 117.83300000000004]
[3.0, 2.0, 8.0, 1.0, 0.7, 0.4, 0.0, 127.8452]
[3.0, 2.0, 8.0, 1.0, 0.7, 0.5, 0.0, 143.6672]
[3.0, 2.0, 8.0, 1.0, 0.7, 0.6, 0.0, 152.05879999999996]
[3.0, 2.0, 8.0, 1.0, 0.7, 0.7, 0.0, 155.411]
[3.0, 2.0, 8.0, 1.0, 0.7, 0.7999999999999999, 0.0, 155.94019999999998]
[3.0, 2.0, 8.0, 1.0, 0.7, 0.8999999999999999, 0.0, 156.2348]
[3.0, 2.0, 8.0, 1.0, 0.7, 0.9999999999999999, 0.0, 156.49220000000003]
[3.0, 2.0, 8.0, 1.0, 0.7, 0.0, 0.1, 109.8692]
[3.0, 2.0, 8.0, 1.0, 0.7, 0.1, 0.1, 110.31320000000002]
[3.0, 2.0, 8.0, 1.0, 0.7, 0.2, 0.1, 110.79679999999982]
[3.0, 2.0, 8.0, 1.0, 0.7, 0.30000000000000004, 0.1, 120.84439999999996]
[3.0, 2.0, 8.0, 1.0, 0.7, 0.4, 0.1, 125.35879999999995]
[3.0, 2.0, 8.0, 1.0, 0.7, 0.5, 0.1, 138.23659999999987]
[3.0, 2.0, 8.0, 1.0, 0.7, 0.6, 0.1, 146.16859999999997]
[3.0, 2.0, 8.0, 1.0, 0.7, 0.7, 0.1, 154.25]
[3.0, 2.0, 8.0, 1.0, 0.7, 0.7999999999999999, 0.1, 155.567]
[3.0, 2.0, 8.0, 1.0, 0.7, 0.8999999999999999, 0.1, 155.98459999999997]
[3.0, 2.0, 8.0, 1.0, 0.7, 0.9999999999999999, 0.1, 156.2102]
[3.0, 2.0, 8.0, 1.0, 0.7, 0.0, 0.2, 110.32579999999986]
[3.0, 2.0, 8.0, 1.0, 0.7, 0.1, 0.2, 118.37060000000015]
[3.0, 2.0, 8.0, 1.0, 0.7, 0.2, 0.2, 120.61220000000007]
[3.0, 2.0, 8.0, 1.0, 0.7, 0.30000000000000004, 0.2, 120.99319999999994]
[3.0, 2.0, 8.0, 1.0, 0.7, 0.4, 0.2, 121.51699999999995]
[3.0, 2.0, 8.0, 1.0, 0.7, 0.5, 0.2, 131.4728000000001]
[3.0, 2.0, 8.0, 1.0, 0.7, 0.6, 0.2, 141.75979999999993]
[3.0, 2.0, 8.0, 1.0, 0.7, 0.7, 0.2, 147.31819999999996]
[3.0, 2.0, 8.0, 1.0, 0.7, 0.7999999999999999, 0.2, 153.89900000000003]
[3.0, 2.0, 8.0, 1.0, 0.7, 0.8999999999999999, 0.2, 155.56039999999996]
[3.0, 2.0, 8.0, 1.0, 0.7, 0.9999999999999999, 0.2, 155.813]
[3.0, 2.0, 8.0, 1.0, 0.7, 0.0, 0.30000000000000004, 114.68299999999992]
[3.0, 2.0, 8.0, 1.0, 0.7, 0.1, 0.30000000000000004, 120.3506000000001]
[3.0, 2.0, 8.0, 1.0, 0.7, 0.2, 0.30000000000000004, 120.96319999999997]
[3.0, 2.0, 8.0, 1.0, 0.7, 0.30000000000000004, 0.30000000000000004, 120.92660000000004]
[3.0, 2.0, 8.0, 1.0, 0.7, 0.4, 0.30000000000000004, 121.46600000000007]
[3.0, 2.0, 8.0, 1.0, 0.7, 0.5, 0.30000000000000004, 123.68360000000006]
[3.0, 2.0, 8.0, 1.0, 0.7, 0.6, 0.30000000000000004, 132.32479999999995]
[3.0, 2.0, 8.0, 1.0, 0.7, 0.7, 0.30000000000000004, 140.3438]
[3.0, 2.0, 8.0, 1.0, 0.7, 0.7999999999999999, 0.30000000000000004, 147.27739999999997]
[3.0, 2.0, 8.0, 1.0, 0.7, 0.8999999999999999, 0.30000000000000004, 151.43659999999997]
[3.0, 2.0, 8.0, 1.0, 0.7, 0.9999999999999999, 0.30000000000000004, 155.56459999999998]
[3.0, 2.0, 8.0, 1.0, 0.7, 0.0, 0.4, 120.33679999999995]
[3.0, 2.0, 8.0, 1.0, 0.7, 0.1, 0.4, 120.83060000000002]
[3.0, 2.0, 8.0, 1.0, 0.7, 0.2, 0.4, 120.87139999999987]
[3.0, 2.0, 8.0, 1.0, 0.7, 0.30000000000000004, 0.4, 121.07120000000008]
[3.0, 2.0, 8.0, 1.0, 0.7, 0.4, 0.4, 121.403]
[3.0, 2.0, 8.0, 1.0, 0.7, 0.5, 0.4, 122.08760000000002]
[3.0, 2.0, 8.0, 1.0, 0.7, 0.6, 0.4, 127.22060000000008]
[3.0, 2.0, 8.0, 1.0, 0.7, 0.7, 0.4, 139.29680000000002]
[3.0, 2.0, 8.0, 1.0, 0.7, 0.7999999999999999, 0.4, 139.26859999999996]
[3.0, 2.0, 8.0, 1.0, 0.7, 0.8999999999999999, 0.4, 150.6296]
[3.0, 2.0, 8.0, 1.0, 0.7, 0.9999999999999999, 0.4, 152.67620000000002]
[3.0, 2.0, 8.0, 1.0, 0.7, 0.0, 0.5, 120.79100000000004]
[3.0, 2.0, 8.0, 1.0, 0.7, 0.1, 0.5, 120.94040000000015]
[3.0, 2.0, 8.0, 1.0, 0.7, 0.2, 0.5, 120.9974000000001]
[3.0, 2.0, 8.0, 1.0, 0.7, 0.30000000000000004, 0.5, 121.21220000000008]
[3.0, 2.0, 8.0, 1.0, 0.7, 0.4, 0.5, 121.19239999999994]
[3.0, 2.0, 8.0, 1.0, 0.7, 0.5, 0.5, 121.27879999999998]
[3.0, 2.0, 8.0, 1.0, 0.7, 0.6, 0.5, 123.76400000000004]
[3.0, 2.0, 8.0, 1.0, 0.7, 0.7, 0.5, 124.92739999999996]
[3.0, 2.0, 8.0, 1.0, 0.7, 0.7999999999999999, 0.5, 128.3678]
[3.0, 2.0, 8.0, 1.0, 0.7, 0.8999999999999999, 0.5, 138.52040000000008]
[3.0, 2.0, 8.0, 1.0, 0.7, 0.9999999999999999, 0.5, 142.0352]
[3.0, 2.0, 8.0, 1.0, 0.7, 0.0, 0.6, 120.91760000000014]
[3.0, 2.0, 8.0, 1.0, 0.7, 0.1, 0.6, 120.9878000000001]
[3.0, 2.0, 8.0, 1.0, 0.7, 0.2, 0.6, 121.0334000000001]
[3.0, 2.0, 8.0, 1.0, 0.7, 0.30000000000000004, 0.6, 121.1234]
[3.0, 2.0, 8.0, 1.0, 0.7, 0.4, 0.6, 121.16600000000008]
[3.0, 2.0, 8.0, 1.0, 0.7, 0.5, 0.6, 121.2788]
[3.0, 2.0, 8.0, 1.0, 0.7, 0.6, 0.6, 121.34839999999991]
[3.0, 2.0, 8.0, 1.0, 0.7, 0.7, 0.6, 121.59139999999988]
[3.0, 2.0, 8.0, 1.0, 0.7, 0.7999999999999999, 0.6, 123.37999999999988]
[3.0, 2.0, 8.0, 1.0, 0.7, 0.8999999999999999, 0.6, 122.36779999999999]
[3.0, 2.0, 8.0, 1.0, 0.7, 0.9999999999999999, 0.6, 123.84979999999996]
[3.0, 2.0, 8.0, 1.0, 0.7, 0.0, 0.7, 120.98540000000007]
[3.0, 2.0, 8.0, 1.0, 0.7, 0.1, 0.7, 121.04360000000004]
[3.0, 2.0, 8.0, 1.0, 0.7, 0.2, 0.7, 121.05020000000009]
[3.0, 2.0, 8.0, 1.0, 0.7, 0.30000000000000004, 0.7, 121.08919999999998]
[3.0, 2.0, 8.0, 1.0, 0.7, 0.4, 0.7, 121.14260000000004]
[3.0, 2.0, 8.0, 1.0, 0.7, 0.5, 0.7, 121.20859999999996]
[3.0, 2.0, 8.0, 1.0, 0.7, 0.6, 0.7, 121.48100000000004]
[3.0, 2.0, 8.0, 1.0, 0.7, 0.7, 0.7, 121.19360000000002]
[3.0, 2.0, 8.0, 1.0, 0.7, 0.7999999999999999, 0.7, 121.6772000000001]
[3.0, 2.0, 8.0, 1.0, 0.7, 0.8999999999999999, 0.7, 121.60340000000011]
[3.0, 2.0, 8.0, 1.0, 0.7, 0.9999999999999999, 0.7, 121.8584]
[3.0, 2.0, 8.0, 1.0, 0.7, 0.0, 0.7999999999999999, 121.02620000000006]
[3.0, 2.0, 8.0, 1.0, 0.7, 0.1, 0.7999999999999999, 121.04660000000005]
[3.0, 2.0, 8.0, 1.0, 0.7, 0.2, 0.7999999999999999, 121.07780000000014]
[3.0, 2.0, 8.0, 1.0, 0.7, 0.30000000000000004, 0.7999999999999999, 121.0844000000001]
[3.0, 2.0, 8.0, 1.0, 0.7, 0.4, 0.7999999999999999, 121.12100000000008]
[3.0, 2.0, 8.0, 1.0, 0.7, 0.5, 0.7999999999999999, 121.13899999999998]
[3.0, 2.0, 8.0, 1.0, 0.7, 0.6, 0.7999999999999999, 121.16359999999995]
[3.0, 2.0, 8.0, 1.0, 0.7, 0.7, 0.7999999999999999, 121.20200000000014]
[3.0, 2.0, 8.0, 1.0, 0.7, 0.7999999999999999, 0.7999999999999999, 121.34480000000016]
[3.0, 2.0, 8.0, 1.0, 0.7, 0.8999999999999999, 0.7999999999999999, 121.32020000000009]
[3.0, 2.0, 8.0, 1.0, 0.7, 0.9999999999999999, 0.7999999999999999, 121.29140000000001]
[3.0, 2.0, 8.0, 1.0, 0.7, 0.0, 0.8999999999999999, 121.05320000000006]
[3.0, 2.0, 8.0, 1.0, 0.7, 0.1, 0.8999999999999999, 121.05200000000008]
[3.0, 2.0, 8.0, 1.0, 0.7, 0.2, 0.8999999999999999, 121.07899999999998]
[3.0, 2.0, 8.0, 1.0, 0.7, 0.30000000000000004, 0.8999999999999999, 121.08740000000003]
[3.0, 2.0, 8.0, 1.0, 0.7, 0.4, 0.8999999999999999, 121.21340000000002]
[3.0, 2.0, 8.0, 1.0, 0.7, 0.5, 0.8999999999999999, 121.24159999999993]
[3.0, 2.0, 8.0, 1.0, 0.7, 0.6, 0.8999999999999999, 121.094]
[3.0, 2.0, 8.0, 1.0, 0.7, 0.7, 0.8999999999999999, 121.118]
[3.0, 2.0, 8.0, 1.0, 0.7, 0.7999999999999999, 0.8999999999999999, 121.3100000000001]
[3.0, 2.0, 8.0, 1.0, 0.7, 0.8999999999999999, 0.8999999999999999, 121.15940000000002]
[3.0, 2.0, 8.0, 1.0, 0.7, 0.9999999999999999, 0.8999999999999999, 121.15699999999993]
[3.0, 2.0, 8.0, 1.0, 0.7, 0.0, 0.9999999999999999, 121.07540000000007]
[3.0, 2.0, 8.0, 1.0, 0.7, 0.1, 0.9999999999999999, 121.07540000000007]
[3.0, 2.0, 8.0, 1.0, 0.7, 0.2, 0.9999999999999999, 121.07540000000007]
[3.0, 2.0, 8.0, 1.0, 0.7, 0.30000000000000004, 0.9999999999999999, 121.07540000000007]
[3.0, 2.0, 8.0, 1.0, 0.7, 0.4, 0.9999999999999999, 121.07540000000007]
[3.0, 2.0, 8.0, 1.0, 0.7, 0.5, 0.9999999999999999, 121.07540000000007]
[3.0, 2.0, 8.0, 1.0, 0.7, 0.6, 0.9999999999999999, 121.07540000000007]
[3.0, 2.0, 8.0, 1.0, 0.7, 0.7, 0.9999999999999999, 121.07540000000007]
[3.0, 2.0, 8.0, 1.0, 0.7, 0.7999999999999999, 0.9999999999999999, 121.07540000000007]
[3.0, 2.0, 8.0, 1.0, 0.7, 0.8999999999999999, 0.9999999999999999, 121.07540000000007]
[3.0, 2.0, 8.0, 1.0, 0.7, 0.9999999999999999, 0.9999999999999999, 121.07540000000007]
[4.0, 1.0, 8.0, 1.0, 0.7, 0.0, 0.0, 109.55539999999993]
[4.0, 1.0, 8.0, 1.0, 0.7, 0.1, 0.0, 110.41100000000004]
[4.0, 1.0, 8.0, 1.0, 0.7, 0.2, 0.0, 120.73339999999997]
[4.0, 1.0, 8.0, 1.0, 0.7, 0.30000000000000004, 0.0, 135.27980000000005]
[4.0, 1.0, 8.0, 1.0, 0.7, 0.4, 0.0, 146.2244]
[4.0, 1.0, 8.0, 1.0, 0.7, 0.5, 0.0, 154.319]
[4.0, 1.0, 8.0, 1.0, 0.7, 0.6, 0.0, 155.2796]
[4.0, 1.0, 8.0, 1.0, 0.7, 0.7, 0.0, 155.6984]
[4.0, 1.0, 8.0, 1.0, 0.7, 0.7999999999999999, 0.0, 155.93779999999998]
[4.0, 1.0, 8.0, 1.0, 0.7, 0.8999999999999999, 0.0, 156.23539999999997]
[4.0, 1.0, 8.0, 1.0, 0.7, 0.9999999999999999, 0.0, 156.4952]
[4.0, 1.0, 8.0, 1.0, 0.7, 0.0, 0.1, 110.2514]
[4.0, 1.0, 8.0, 1.0, 0.7, 0.1, 0.1, 114.6314]
[4.0, 1.0, 8.0, 1.0, 0.7, 0.2, 0.1, 116.63240000000002]
[4.0, 1.0, 8.0, 1.0, 0.7, 0.30000000000000004, 0.1, 129.8258]
[4.0, 1.0, 8.0, 1.0, 0.7, 0.4, 0.1, 138.9386000000001]
[4.0, 1.0, 8.0, 1.0, 0.7, 0.5, 0.1, 149.3312]
[4.0, 1.0, 8.0, 1.0, 0.7, 0.6, 0.1, 154.8884]
[4.0, 1.0, 8.0, 1.0, 0.7, 0.7, 0.1, 155.34560000000002]
[4.0, 1.0, 8.0, 1.0, 0.7, 0.7999999999999999, 0.1, 155.6432]
[4.0, 1.0, 8.0, 1.0, 0.7, 0.8999999999999999, 0.1, 155.96959999999999]
[4.0, 1.0, 8.0, 1.0, 0.7, 0.9999999999999999, 0.1, 156.1862]
[4.0, 1.0, 8.0, 1.0, 0.7, 0.0, 0.2, 114.28760000000001]
[4.0, 1.0, 8.0, 1.0, 0.7, 0.1, 0.2, 115.31360000000001]
[4.0, 1.0, 8.0, 1.0, 0.7, 0.2, 0.2, 115.91719999999991]
[4.0, 1.0, 8.0, 1.0, 0.7, 0.30000000000000004, 0.2, 128.37019999999995]
[4.0, 1.0, 8.0, 1.0, 0.7, 0.4, 0.2, 139.28119999999996]
[4.0, 1.0, 8.0, 1.0, 0.7, 0.5, 0.2, 144.33679999999995]
[4.0, 1.0, 8.0, 1.0, 0.7, 0.6, 0.2, 148.53920000000002]
[4.0, 1.0, 8.0, 1.0, 0.7, 0.7, 0.2, 154.63340000000002]
[4.0, 1.0, 8.0, 1.0, 0.7, 0.7999999999999999, 0.2, 155.46379999999996]
[4.0, 1.0, 8.0, 1.0, 0.7, 0.8999999999999999, 0.2, 155.57]
[4.0, 1.0, 8.0, 1.0, 0.7, 0.9999999999999999, 0.2, 155.92759999999998]
[4.0, 1.0, 8.0, 1.0, 0.7, 0.0, 0.30000000000000004, 115.12100000000001]
[4.0, 1.0, 8.0, 1.0, 0.7, 0.1, 0.30000000000000004, 115.31240000000004]
[4.0, 1.0, 8.0, 1.0, 0.7, 0.2, 0.30000000000000004, 116.80160000000004]
[4.0, 1.0, 8.0, 1.0, 0.7, 0.30000000000000004, 0.30000000000000004, 117.40460000000007]
[4.0, 1.0, 8.0, 1.0, 0.7, 0.4, 0.30000000000000004, 126.74540000000007]
[4.0, 1.0, 8.0, 1.0, 0.7, 0.5, 0.30000000000000004, 141.49040000000002]
[4.0, 1.0, 8.0, 1.0, 0.7, 0.6, 0.30000000000000004, 148.65679999999998]
[4.0, 1.0, 8.0, 1.0, 0.7, 0.7, 0.30000000000000004, 151.9676]
[4.0, 1.0, 8.0, 1.0, 0.7, 0.7999999999999999, 0.30000000000000004, 154.9952]
[4.0, 1.0, 8.0, 1.0, 0.7, 0.8999999999999999, 0.30000000000000004, 155.10259999999997]
[4.0, 1.0, 8.0, 1.0, 0.7, 0.9999999999999999, 0.30000000000000004, 155.7434]
[4.0, 1.0, 8.0, 1.0, 0.7, 0.0, 0.4, 115.22959999999998]
[4.0, 1.0, 8.0, 1.0, 0.7, 0.1, 0.4, 115.35440000000004]
[4.0, 1.0, 8.0, 1.0, 0.7, 0.2, 0.4, 115.42820000000002]
[4.0, 1.0, 8.0, 1.0, 0.7, 0.30000000000000004, 0.4, 116.8172]
[4.0, 1.0, 8.0, 1.0, 0.7, 0.4, 0.4, 123.98600000000006]
[4.0, 1.0, 8.0, 1.0, 0.7, 0.5, 0.4, 134.45780000000002]
[4.0, 1.0, 8.0, 1.0, 0.7, 0.6, 0.4, 141.2672]
[4.0, 1.0, 8.0, 1.0, 0.7, 0.7, 0.4, 150.9686]
[4.0, 1.0, 8.0, 1.0, 0.7, 0.7999999999999999, 0.4, 152.621]
[4.0, 1.0, 8.0, 1.0, 0.7, 0.8999999999999999, 0.4, 154.50619999999998]
[4.0, 1.0, 8.0, 1.0, 0.7, 0.9999999999999999, 0.4, 155.051]
[4.0, 1.0, 8.0, 1.0, 0.7, 0.0, 0.5, 115.28180000000002]
[4.0, 1.0, 8.0, 1.0, 0.7, 0.1, 0.5, 115.39220000000002]
[4.0, 1.0, 8.0, 1.0, 0.7, 0.2, 0.5, 115.39580000000001]
[4.0, 1.0, 8.0, 1.0, 0.7, 0.30000000000000004, 0.5, 117.09320000000001]
[4.0, 1.0, 8.0, 1.0, 0.7, 0.4, 0.5, 118.97419999999995]
[4.0, 1.0, 8.0, 1.0, 0.7, 0.5, 0.5, 128.7146]
[4.0, 1.0, 8.0, 1.0, 0.7, 0.6, 0.5, 135.38060000000004]
[4.0, 1.0, 8.0, 1.0, 0.7, 0.7, 0.5, 139.34839999999997]
[4.0, 1.0, 8.0, 1.0, 0.7, 0.7999999999999999, 0.5, 145.8332]
[4.0, 1.0, 8.0, 1.0, 0.7, 0.8999999999999999, 0.5, 152.88619999999997]
[4.0, 1.0, 8.0, 1.0, 0.7, 0.9999999999999999, 0.5, 154.3526]
[4.0, 1.0, 8.0, 1.0, 0.7, 0.0, 0.6, 115.2968]
[4.0, 1.0, 8.0, 1.0, 0.7, 0.1, 0.6, 115.3334]
[4.0, 1.0, 8.0, 1.0, 0.7, 0.2, 0.6, 115.46540000000002]
[4.0, 1.0, 8.0, 1.0, 0.7, 0.30000000000000004, 0.6, 115.58180000000006]
[4.0, 1.0, 8.0, 1.0, 0.7, 0.4, 0.6, 116.04080000000006]
[4.0, 1.0, 8.0, 1.0, 0.7, 0.5, 0.6, 119.70260000000003]
[4.0, 1.0, 8.0, 1.0, 0.7, 0.6, 0.6, 127.92619999999998]
[4.0, 1.0, 8.0, 1.0, 0.7, 0.7, 0.6, 132.8396]
[4.0, 1.0, 8.0, 1.0, 0.7, 0.7999999999999999, 0.6, 133.75940000000003]
[4.0, 1.0, 8.0, 1.0, 0.7, 0.8999999999999999, 0.6, 143.26099999999994]
[4.0, 1.0, 8.0, 1.0, 0.7, 0.9999999999999999, 0.6, 144.77660000000003]
[4.0, 1.0, 8.0, 1.0, 0.7, 0.0, 0.7, 115.31599999999999]
[4.0, 1.0, 8.0, 1.0, 0.7, 0.1, 0.7, 115.35679999999992]
[4.0, 1.0, 8.0, 1.0, 0.7, 0.2, 0.7, 115.47379999999986]
[4.0, 1.0, 8.0, 1.0, 0.7, 0.30000000000000004, 0.7, 115.44980000000004]
[4.0, 1.0, 8.0, 1.0, 0.7, 0.4, 0.7, 116.25439999999996]
[4.0, 1.0, 8.0, 1.0, 0.7, 0.5, 0.7, 115.7294]
[4.0, 1.0, 8.0, 1.0, 0.7, 0.6, 0.7, 116.6959999999999]
[4.0, 1.0, 8.0, 1.0, 0.7, 0.7, 0.7, 120.08479999999997]
[4.0, 1.0, 8.0, 1.0, 0.7, 0.7999999999999999, 0.7, 131.8814]
[4.0, 1.0, 8.0, 1.0, 0.7, 0.8999999999999999, 0.7, 133.90580000000008]
[4.0, 1.0, 8.0, 1.0, 0.7, 0.9999999999999999, 0.7, 135.8456]
[4.0, 1.0, 8.0, 1.0, 0.7, 0.0, 0.7999999999999999, 115.32439999999995]
[4.0, 1.0, 8.0, 1.0, 0.7, 0.1, 0.7999999999999999, 115.34000000000003]
[4.0, 1.0, 8.0, 1.0, 0.7, 0.2, 0.7999999999999999, 115.38499999999995]
[4.0, 1.0, 8.0, 1.0, 0.7, 0.30000000000000004, 0.7999999999999999, 115.39160000000005]
[4.0, 1.0, 8.0, 1.0, 0.7, 0.4, 0.7999999999999999, 115.40959999999998]
[4.0, 1.0, 8.0, 1.0, 0.7, 0.5, 0.7999999999999999, 115.78939999999999]
[4.0, 1.0, 8.0, 1.0, 0.7, 0.6, 0.7999999999999999, 115.51100000000001]
[4.0, 1.0, 8.0, 1.0, 0.7, 0.7, 0.7999999999999999, 115.75159999999998]
[4.0, 1.0, 8.0, 1.0, 0.7, 0.7999999999999999, 0.7999999999999999, 115.90640000000006]
[4.0, 1.0, 8.0, 1.0, 0.7, 0.8999999999999999, 0.7999999999999999, 116.4428]
[4.0, 1.0, 8.0, 1.0, 0.7, 0.9999999999999999, 0.7999999999999999, 123.78980000000003]
[4.0, 1.0, 8.0, 1.0, 0.7, 0.0, 0.8999999999999999, 115.33699999999997]
[4.0, 1.0, 8.0, 1.0, 0.7, 0.1, 0.8999999999999999, 115.34239999999997]
[4.0, 1.0, 8.0, 1.0, 0.7, 0.2, 0.8999999999999999, 115.3724]
[4.0, 1.0, 8.0, 1.0, 0.7, 0.30000000000000004, 0.8999999999999999, 115.48879999999998]
[4.0, 1.0, 8.0, 1.0, 0.7, 0.4, 0.8999999999999999, 115.38919999999999]
[4.0, 1.0, 8.0, 1.0, 0.7, 0.5, 0.8999999999999999, 115.38619999999997]
[4.0, 1.0, 8.0, 1.0, 0.7, 0.6, 0.8999999999999999, 115.40779999999988]
[4.0, 1.0, 8.0, 1.0, 0.7, 0.7, 0.8999999999999999, 115.53919999999997]
[4.0, 1.0, 8.0, 1.0, 0.7, 0.7999999999999999, 0.8999999999999999, 115.61900000000014]
[4.0, 1.0, 8.0, 1.0, 0.7, 0.8999999999999999, 0.8999999999999999, 115.79780000000001]
[4.0, 1.0, 8.0, 1.0, 0.7, 0.9999999999999999, 0.8999999999999999, 115.50319999999994]
[4.0, 1.0, 8.0, 1.0, 0.7, 0.0, 0.9999999999999999, 115.33879999999999]
[4.0, 1.0, 8.0, 1.0, 0.7, 0.1, 0.9999999999999999, 115.33879999999999]
[4.0, 1.0, 8.0, 1.0, 0.7, 0.2, 0.9999999999999999, 115.33879999999999]
[4.0, 1.0, 8.0, 1.0, 0.7, 0.30000000000000004, 0.9999999999999999, 115.33879999999999]
[4.0, 1.0, 8.0, 1.0, 0.7, 0.4, 0.9999999999999999, 115.33879999999999]
[4.0, 1.0, 8.0, 1.0, 0.7, 0.5, 0.9999999999999999, 115.33879999999999]
[4.0, 1.0, 8.0, 1.0, 0.7, 0.6, 0.9999999999999999, 115.33879999999999]
[4.0, 1.0, 8.0, 1.0, 0.7, 0.7, 0.9999999999999999, 115.33879999999999]
[4.0, 1.0, 8.0, 1.0, 0.7, 0.7999999999999999, 0.9999999999999999, 115.33879999999999]
[4.0, 1.0, 8.0, 1.0, 0.7, 0.8999999999999999, 0.9999999999999999, 115.33879999999999]
[4.0, 1.0, 8.0, 1.0, 0.7, 0.9999999999999999, 0.9999999999999999, 115.33879999999999]
[5.0, 0.0, 8.0, 1.0, 0.7, 0.0, 0.0, 109.55000000000003]
[5.0, 0.0, 8.0, 1.0, 0.7, 0.1, 0.0, 126.68839999999994]
[5.0, 0.0, 8.0, 1.0, 0.7, 0.2, 0.0, 138.6542]
[5.0, 0.0, 8.0, 1.0, 0.7, 0.30000000000000004, 0.0, 148.2656]
[5.0, 0.0, 8.0, 1.0, 0.7, 0.4, 0.0, 154.409]
[5.0, 0.0, 8.0, 1.0, 0.7, 0.5, 0.0, 155.1542]
[5.0, 0.0, 8.0, 1.0, 0.7, 0.6, 0.0, 155.29880000000003]
[5.0, 0.0, 8.0, 1.0, 0.7, 0.7, 0.0, 155.6888]
[5.0, 0.0, 8.0, 1.0, 0.7, 0.7999999999999999, 0.0, 155.93479999999997]
[5.0, 0.0, 8.0, 1.0, 0.7, 0.8999999999999999, 0.0, 156.23539999999997]
[5.0, 0.0, 8.0, 1.0, 0.7, 0.9999999999999999, 0.0, 156.4952]
[5.0, 0.0, 8.0, 1.0, 0.7, 0.0, 0.1, 109.55000000000003]
[5.0, 0.0, 8.0, 1.0, 0.7, 0.1, 0.1, 123.96499999999995]
[5.0, 0.0, 8.0, 1.0, 0.7, 0.2, 0.1, 133.74739999999997]
[5.0, 0.0, 8.0, 1.0, 0.7, 0.30000000000000004, 0.1, 148.4342]
[5.0, 0.0, 8.0, 1.0, 0.7, 0.4, 0.1, 153.9992]
[5.0, 0.0, 8.0, 1.0, 0.7, 0.5, 0.1, 154.64300000000003]
[5.0, 0.0, 8.0, 1.0, 0.7, 0.6, 0.1, 155.216]
[5.0, 0.0, 8.0, 1.0, 0.7, 0.7, 0.1, 155.49679999999998]
[5.0, 0.0, 8.0, 1.0, 0.7, 0.7999999999999999, 0.1, 155.84599999999998]
[5.0, 0.0, 8.0, 1.0, 0.7, 0.8999999999999999, 0.1, 155.9852]
[5.0, 0.0, 8.0, 1.0, 0.7, 0.9999999999999999, 0.1, 156.26119999999997]
[5.0, 0.0, 8.0, 1.0, 0.7, 0.0, 0.2, 109.55000000000003]
[5.0, 0.0, 8.0, 1.0, 0.7, 0.1, 0.2, 121.8350000000001]
[5.0, 0.0, 8.0, 1.0, 0.7, 0.2, 0.2, 133.589]
[5.0, 0.0, 8.0, 1.0, 0.7, 0.30000000000000004, 0.2, 141.50420000000003]
[5.0, 0.0, 8.0, 1.0, 0.7, 0.4, 0.2, 149.68220000000002]
[5.0, 0.0, 8.0, 1.0, 0.7, 0.5, 0.2, 154.5428]
[5.0, 0.0, 8.0, 1.0, 0.7, 0.6, 0.2, 154.8032]
[5.0, 0.0, 8.0, 1.0, 0.7, 0.7, 0.2, 155.27060000000006]
[5.0, 0.0, 8.0, 1.0, 0.7, 0.7999999999999999, 0.2, 155.49919999999997]
[5.0, 0.0, 8.0, 1.0, 0.7, 0.8999999999999999, 0.2, 155.68699999999998]
[5.0, 0.0, 8.0, 1.0, 0.7, 0.9999999999999999, 0.2, 155.99899999999997]
[5.0, 0.0, 8.0, 1.0, 0.7, 0.0, 0.30000000000000004, 109.55000000000003]
[5.0, 0.0, 8.0, 1.0, 0.7, 0.1, 0.30000000000000004, 119.05940000000001]
[5.0, 0.0, 8.0, 1.0, 0.7, 0.2, 0.30000000000000004, 129.5636000000001]
[5.0, 0.0, 8.0, 1.0, 0.7, 0.30000000000000004, 0.30000000000000004, 138.00080000000005]
[5.0, 0.0, 8.0, 1.0, 0.7, 0.4, 0.30000000000000004, 145.19]
[5.0, 0.0, 8.0, 1.0, 0.7, 0.5, 0.30000000000000004, 151.2206]
[5.0, 0.0, 8.0, 1.0, 0.7, 0.6, 0.30000000000000004, 154.106]
[5.0, 0.0, 8.0, 1.0, 0.7, 0.7, 0.30000000000000004, 155.1062]
[5.0, 0.0, 8.0, 1.0, 0.7, 0.7999999999999999, 0.30000000000000004, 155.4062]
[5.0, 0.0, 8.0, 1.0, 0.7, 0.8999999999999999, 0.30000000000000004, 155.4728]
[5.0, 0.0, 8.0, 1.0, 0.7, 0.9999999999999999, 0.30000000000000004, 155.65879999999999]
[5.0, 0.0, 8.0, 1.0, 0.7, 0.0, 0.4, 109.55000000000003]
[5.0, 0.0, 8.0, 1.0, 0.7, 0.1, 0.4, 118.1432]
[5.0, 0.0, 8.0, 1.0, 0.7, 0.2, 0.4, 128.4146]
[5.0, 0.0, 8.0, 1.0, 0.7, 0.30000000000000004, 0.4, 135.17300000000006]
[5.0, 0.0, 8.0, 1.0, 0.7, 0.4, 0.4, 144.28279999999998]
[5.0, 0.0, 8.0, 1.0, 0.7, 0.5, 0.4, 144.8228]
[5.0, 0.0, 8.0, 1.0, 0.7, 0.6, 0.4, 152.32760000000002]
[5.0, 0.0, 8.0, 1.0, 0.7, 0.7, 0.4, 154.39939999999999]
[5.0, 0.0, 8.0, 1.0, 0.7, 0.7999999999999999, 0.4, 155.00780000000006]
[5.0, 0.0, 8.0, 1.0, 0.7, 0.8999999999999999, 0.4, 155.11760000000004]
[5.0, 0.0, 8.0, 1.0, 0.7, 0.9999999999999999, 0.4, 155.43919999999997]
[5.0, 0.0, 8.0, 1.0, 0.7, 0.0, 0.5, 109.55000000000003]
[5.0, 0.0, 8.0, 1.0, 0.7, 0.1, 0.5, 119.2604]
[5.0, 0.0, 8.0, 1.0, 0.7, 0.2, 0.5, 124.10959999999999]
[5.0, 0.0, 8.0, 1.0, 0.7, 0.30000000000000004, 0.5, 131.76259999999996]
[5.0, 0.0, 8.0, 1.0, 0.7, 0.4, 0.5, 136.83080000000004]
[5.0, 0.0, 8.0, 1.0, 0.7, 0.5, 0.5, 145.63279999999997]
[5.0, 0.0, 8.0, 1.0, 0.7, 0.6, 0.5, 147.14479999999998]
[5.0, 0.0, 8.0, 1.0, 0.7, 0.7, 0.5, 153.36679999999998]
[5.0, 0.0, 8.0, 1.0, 0.7, 0.7999999999999999, 0.5, 154.25359999999998]
[5.0, 0.0, 8.0, 1.0, 0.7, 0.8999999999999999, 0.5, 154.7696]
[5.0, 0.0, 8.0, 1.0, 0.7, 0.9999999999999999, 0.5, 155.132]
[5.0, 0.0, 8.0, 1.0, 0.7, 0.0, 0.6, 109.55000000000003]
[5.0, 0.0, 8.0, 1.0, 0.7, 0.1, 0.6, 115.34300000000002]
[5.0, 0.0, 8.0, 1.0, 0.7, 0.2, 0.6, 124.81399999999996]
[5.0, 0.0, 8.0, 1.0, 0.7, 0.30000000000000004, 0.6, 124.68200000000004]
[5.0, 0.0, 8.0, 1.0, 0.7, 0.4, 0.6, 132.44180000000006]
[5.0, 0.0, 8.0, 1.0, 0.7, 0.5, 0.6, 138.96799999999996]
[5.0, 0.0, 8.0, 1.0, 0.7, 0.6, 0.6, 142.20739999999998]
[5.0, 0.0, 8.0, 1.0, 0.7, 0.7, 0.6, 147.815]
[5.0, 0.0, 8.0, 1.0, 0.7, 0.7999999999999999, 0.6, 149.159]
[5.0, 0.0, 8.0, 1.0, 0.7, 0.8999999999999999, 0.6, 150.677]
[5.0, 0.0, 8.0, 1.0, 0.7, 0.9999999999999999, 0.6, 154.12220000000002]
[5.0, 0.0, 8.0, 1.0, 0.7, 0.0, 0.7, 109.55000000000003]
[5.0, 0.0, 8.0, 1.0, 0.7, 0.1, 0.7, 115.17559999999993]
[5.0, 0.0, 8.0, 1.0, 0.7, 0.2, 0.7, 117.5732000000001]
[5.0, 0.0, 8.0, 1.0, 0.7, 0.30000000000000004, 0.7, 123.52040000000005]
[5.0, 0.0, 8.0, 1.0, 0.7, 0.4, 0.7, 126.53600000000009]
[5.0, 0.0, 8.0, 1.0, 0.7, 0.5, 0.7, 130.03279999999998]
[5.0, 0.0, 8.0, 1.0, 0.7, 0.6, 0.7, 134.32040000000003]
[5.0, 0.0, 8.0, 1.0, 0.7, 0.7, 0.7, 133.76959999999997]
[5.0, 0.0, 8.0, 1.0, 0.7, 0.7999999999999999, 0.7, 144.251]
[5.0, 0.0, 8.0, 1.0, 0.7, 0.8999999999999999, 0.7, 145.36579999999998]
[5.0, 0.0, 8.0, 1.0, 0.7, 0.9999999999999999, 0.7, 147.7514]
[5.0, 0.0, 8.0, 1.0, 0.7, 0.0, 0.7999999999999999, 109.55000000000003]
[5.0, 0.0, 8.0, 1.0, 0.7, 0.1, 0.7999999999999999, 113.04379999999996]
[5.0, 0.0, 8.0, 1.0, 0.7, 0.2, 0.7999999999999999, 114.7136]
[5.0, 0.0, 8.0, 1.0, 0.7, 0.30000000000000004, 0.7999999999999999, 118.30700000000006]
[5.0, 0.0, 8.0, 1.0, 0.7, 0.4, 0.7999999999999999, 123.82580000000007]
[5.0, 0.0, 8.0, 1.0, 0.7, 0.5, 0.7999999999999999, 120.10280000000006]
[5.0, 0.0, 8.0, 1.0, 0.7, 0.6, 0.7999999999999999, 125.16199999999998]
[5.0, 0.0, 8.0, 1.0, 0.7, 0.7, 0.7999999999999999, 130.6148000000001]
[5.0, 0.0, 8.0, 1.0, 0.7, 0.7999999999999999, 0.7999999999999999, 135.00320000000002]
[5.0, 0.0, 8.0, 1.0, 0.7, 0.8999999999999999, 0.7999999999999999, 137.6384]
[5.0, 0.0, 8.0, 1.0, 0.7, 0.9999999999999999, 0.7999999999999999, 137.1068]
[5.0, 0.0, 8.0, 1.0, 0.7, 0.0, 0.8999999999999999, 109.55000000000003]
[5.0, 0.0, 8.0, 1.0, 0.7, 0.1, 0.8999999999999999, 111.52519999999998]
[5.0, 0.0, 8.0, 1.0, 0.7, 0.2, 0.8999999999999999, 114.75200000000002]
[5.0, 0.0, 8.0, 1.0, 0.7, 0.30000000000000004, 0.8999999999999999, 113.18360000000006]
[5.0, 0.0, 8.0, 1.0, 0.7, 0.4, 0.8999999999999999, 116.13259999999994]
[5.0, 0.0, 8.0, 1.0, 0.7, 0.5, 0.8999999999999999, 116.07199999999999]
[5.0, 0.0, 8.0, 1.0, 0.7, 0.6, 0.8999999999999999, 118.32019999999996]
[5.0, 0.0, 8.0, 1.0, 0.7, 0.7, 0.8999999999999999, 119.14759999999995]
[5.0, 0.0, 8.0, 1.0, 0.7, 0.7999999999999999, 0.8999999999999999, 121.30279999999996]
[5.0, 0.0, 8.0, 1.0, 0.7, 0.8999999999999999, 0.8999999999999999, 123.87920000000003]
[5.0, 0.0, 8.0, 1.0, 0.7, 0.9999999999999999, 0.8999999999999999, 125.82320000000006]
[5.0, 0.0, 8.0, 1.0, 0.7, 0.0, 0.9999999999999999, 109.55000000000003]
[5.0, 0.0, 8.0, 1.0, 0.7, 0.1, 0.9999999999999999, 109.55000000000003]
[5.0, 0.0, 8.0, 1.0, 0.7, 0.2, 0.9999999999999999, 109.55000000000003]
[5.0, 0.0, 8.0, 1.0, 0.7, 0.30000000000000004, 0.9999999999999999, 109.55000000000003]
[5.0, 0.0, 8.0, 1.0, 0.7, 0.4, 0.9999999999999999, 109.55000000000003]
[5.0, 0.0, 8.0, 1.0, 0.7, 0.5, 0.9999999999999999, 109.55000000000003]
[5.0, 0.0, 8.0, 1.0, 0.7, 0.6, 0.9999999999999999, 109.55000000000003]
[5.0, 0.0, 8.0, 1.0, 0.7, 0.7, 0.9999999999999999, 109.55000000000003]
[5.0, 0.0, 8.0, 1.0, 0.7, 0.7999999999999999, 0.9999999999999999, 109.55000000000003]
[5.0, 0.0, 8.0, 1.0, 0.7, 0.8999999999999999, 0.9999999999999999, 109.55000000000003]
[5.0, 0.0, 8.0, 1.0, 0.7, 0.9999999999999999, 0.9999999999999999, 109.55000000000003]
