[0.0, 5.0, 8.0, 1.0, 0.7, 0.0, 0.0, 109.55479999999994]
[0.0, 5.0, 8.0, 1.0, 0.7, 0.1, 0.0, 109.79360000000003]
[0.0, 5.0, 8.0, 1.0, 0.7, 0.2, 0.0, 110.18540000000003]
[0.0, 5.0, 8.0, 1.0, 0.7, 0.30000000000000004, 0.0, 110.3479999999999]
[0.0, 5.0, 8.0, 1.0, 0.7, 0.4, 0.0, 110.73379999999993]
[0.0, 5.0, 8.0, 1.0, 0.7, 0.5, 0.0, 110.88200000000003]
[0.0, 5.0, 8.0, 1.0, 0.7, 0.6, 0.0, 111.77000000000001]
[0.0, 5.0, 8.0, 1.0, 0.7, 0.7, 0.0, 115.99580000000002]
[0.0, 5.0, 8.0, 1.0, 0.7, 0.7999999999999999, 0.0, 133.94060000000005]
[0.0, 5.0, 8.0, 1.0, 0.7, 0.8999999999999999, 0.0, 141.1832]
[0.0, 5.0, 8.0, 1.0, 0.7, 0.9999999999999999, 0.0, 156.5]
[0.0, 5.0, 8.0, 1.0, 0.7, 0.0, 0.1, 109.83560000000003]
[0.0, 5.0, 8.0, 1.0, 0.7, 0.1, 0.1, 110.08340000000004]
[0.0, 5.0, 8.0, 1.0, 0.7, 0.2, 0.1, 110.3042]
[0.0, 5.0, 8.0, 1.0, 0.7, 0.30000000000000004, 0.1, 110.53460000000004]
[0.0, 5.0, 8.0, 1.0, 0.7, 0.4, 0.1, 110.88679999999998]
[0.0, 5.0, 8.0, 1.0, 0.7, 0.5, 0.1, 111.41840000000002]
[0.0, 5.0, 8.0, 1.0, 0.7, 0.6, 0.1, 113.4638]
[0.0, 5.0, 8.0, 1.0, 0.7, 0.7, 0.1, 121.38440000000006]
[0.0, 5.0, 8.0, 1.0, 0.7, 0.7999999999999999, 0.1, 131.53760000000003]
[0.0, 5.0, 8.0, 1.0, 0.7, 0.8999999999999999, 0.1, 143.7674]
[0.0, 5.0, 8.0, 1.0, 0.7, 0.9999999999999999, 0.1, 156.5]
[0.0, 5.0, 8.0, 1.0, 0.7, 0.0, 0.2, 110.20579999999991]
[0.0, 5.0, 8.0, 1.0, 0.7, 0.1, 0.2, 110.32399999999994]
[0.0, 5.0, 8.0, 1.0, 0.7, 0.2, 0.2, 110.50219999999999]
[0.0, 5.0, 8.0, 1.0, 0.7, 0.30000000000000004, 0.2, 110.7008000000001]
[0.0, 5.0, 8.0, 1.0, 0.7, 0.4, 0.2, 110.97919999999988]
[0.0, 5.0, 8.0, 1.0, 0.7, 0.5, 0.2, 111.37160000000009]
[0.0, 5.0, 8.0, 1.0, 0.7, 0.6, 0.2, 118.55179999999993]
[0.0, 5.0, 8.0, 1.0, 0.7, 0.7, 0.2, 123.0428]
[0.0, 5.0, 8.0, 1.0, 0.7, 0.7999999999999999, 0.2, 131.5952]
[0.0, 5.0, 8.0, 1.0, 0.7, 0.8999999999999999, 0.2, 146.1674000000001]
[0.0, 5.0, 8.0, 1.0, 0.7, 0.9999999999999999, 0.2, 156.5]
[0.0, 5.0, 8.0, 1.0, 0.7, 0.0, 0.30000000000000004, 110.37139999999998]
[0.0, 5.0, 8.0, 1.0, 0.7, 0.1, 0.30000000000000004, 110.56819999999995]
[0.0, 5.0, 8.0, 1.0, 0.7, 0.2, 0.30000000000000004, 110.753]
[0.0, 5.0, 8.0, 1.0, 0.7, 0.30000000000000004, 0.30000000000000004, 111.04219999999992]
[0.0, 5.0, 8.0, 1.0, 0.7, 0.4, 0.30000000000000004, 111.56479999999995]
[0.0, 5.0, 8.0, 1.0, 0.7, 0.5, 0.30000000000000004, 112.72999999999992]
[0.0, 5.0, 8.0, 1.0, 0.7, 0.6, 0.30000000000000004, 121.7654000000001]
[0.0, 5.0, 8.0, 1.0, 0.7, 0.7, 0.30000000000000004, 128.35639999999998]
[0.0, 5.0, 8.0, 1.0, 0.7, 0.7999999999999999, 0.30000000000000004, 133.4948]
[0.0, 5.0, 8.0, 1.0, 0.7, 0.8999999999999999, 0.30000000000000004, 146.73319999999993]
[0.0, 5.0, 8.0, 1.0, 0.7, 0.9999999999999999, 0.30000000000000004, 156.5]
[0.0, 5.0, 8.0, 1.0, 0.7, 0.0, 0.4, 110.8088]
[0.0, 5.0, 8.0, 1.0, 0.7, 0.1, 0.4, 110.98940000000012]
[0.0, 5.0, 8.0, 1.0, 0.7, 0.2, 0.4, 111.09080000000002]
[0.0, 5.0, 8.0, 1.0, 0.7, 0.30000000000000004, 0.4, 111.23420000000004]
[0.0, 5.0, 8.0, 1.0, 0.7, 0.4, 0.4, 112.13660000000002]
[0.0, 5.0, 8.0, 1.0, 0.7, 0.5, 0.4, 121.1276]
[0.0, 5.0, 8.0, 1.0, 0.7, 0.6, 0.4, 121.50680000000007]
[0.0, 5.0, 8.0, 1.0, 0.7, 0.7, 0.4, 128.75600000000003]
[0.0, 5.0, 8.0, 1.0, 0.7, 0.7999999999999999, 0.4, 140.9702]
[0.0, 5.0, 8.0, 1.0, 0.7, 0.8999999999999999, 0.4, 146.78119999999996]
[0.0, 5.0, 8.0, 1.0, 0.7, 0.9999999999999999, 0.4, 156.5]
[0.0, 5.0, 8.0, 1.0, 0.7, 0.0, 0.5, 111.08360000000009]
[0.0, 5.0, 8.0, 1.0, 0.7, 0.1, 0.5, 111.46999999999997]
[0.0, 5.0, 8.0, 1.0, 0.7, 0.2, 0.5, 112.49600000000005]
[0.0, 5.0, 8.0, 1.0, 0.7, 0.30000000000000004, 0.5, 113.11460000000014]
[0.0, 5.0, 8.0, 1.0, 0.7, 0.4, 0.5, 113.1458]
[0.0, 5.0, 8.0, 1.0, 0.7, 0.5, 0.5, 123.99499999999995]
[0.0, 5.0, 8.0, 1.0, 0.7, 0.6, 0.5, 129.4412]
[0.0, 5.0, 8.0, 1.0, 0.7, 0.7, 0.5, 133.62859999999995]
[0.0, 5.0, 8.0, 1.0, 0.7, 0.7999999999999999, 0.5, 141.4772]
[0.0, 5.0, 8.0, 1.0, 0.7, 0.8999999999999999, 0.5, 149.07800000000006]
[0.0, 5.0, 8.0, 1.0, 0.7, 0.9999999999999999, 0.5, 156.5]
[0.0, 5.0, 8.0, 1.0, 0.7, 0.0, 0.6, 113.90840000000001]
[0.0, 5.0, 8.0, 1.0, 0.7, 0.1, 0.6, 113.73739999999994]
[0.0, 5.0, 8.0, 1.0, 0.7, 0.2, 0.6, 118.73479999999994]
[0.0, 5.0, 8.0, 1.0, 0.7, 0.30000000000000004, 0.6, 118.8884]
[0.0, 5.0, 8.0, 1.0, 0.7, 0.4, 0.6, 128.2286]
[0.0, 5.0, 8.0, 1.0, 0.7, 0.5, 0.6, 129.24559999999997]
[0.0, 5.0, 8.0, 1.0, 0.7, 0.6, 0.6, 134.62640000000002]
[0.0, 5.0, 8.0, 1.0, 0.7, 0.7, 0.6, 142.21460000000002]
[0.0, 5.0, 8.0, 1.0, 0.7, 0.7999999999999999, 0.6, 143.363]
[0.0, 5.0, 8.0, 1.0, 0.7, 0.8999999999999999, 0.6, 150.0842]
[0.0, 5.0, 8.0, 1.0, 0.7, 0.9999999999999999, 0.6, 156.5]
[0.0, 5.0, 8.0, 1.0, 0.7, 0.0, 0.7, 120.02180000000001]
[0.0, 5.0, 8.0, 1.0, 0.7, 0.1, 0.7, 117.8972]
[0.0, 5.0, 8.0, 1.0, 0.7, 0.2, 0.7, 121.25780000000009]
[0.0, 5.0, 8.0, 1.0, 0.7, 0.30000000000000004, 0.7, 127.85]
[0.0, 5.0, 8.0, 1.0, 0.7, 0.4, 0.7, 132.75860000000003]
[0.0, 5.0, 8.0, 1.0, 0.7, 0.5, 0.7, 136.49]
[0.0, 5.0, 8.0, 1.0, 0.7, 0.6, 0.7, 136.82719999999992]
[0.0, 5.0, 8.0, 1.0, 0.7, 0.7, 0.7, 145.03939999999997]
[0.0, 5.0, 8.0, 1.0, 0.7, 0.7999999999999999, 0.7, 147.5276]
[0.0, 5.0, 8.0, 1.0, 0.7, 0.8999999999999999, 0.7, 151.9694]
[0.0, 5.0, 8.0, 1.0, 0.7, 0.9999999999999999, 0.7, 156.5]
[0.0, 5.0, 8.0, 1.0, 0.7, 0.0, 0.7999999999999999, 129.5126]
[0.0, 5.0, 8.0, 1.0, 0.7, 0.1, 0.7999999999999999, 132.31099999999995]
[0.0, 5.0, 8.0, 1.0, 0.7, 0.2, 0.7999999999999999, 134.687]
[0.0, 5.0, 8.0, 1.0, 0.7, 0.30000000000000004, 0.7999999999999999, 136.99940000000004]
[0.0, 5.0, 8.0, 1.0, 0.7, 0.4, 0.7999999999999999, 140.06719999999996]
[0.0, 5.0, 8.0, 1.0, 0.7, 0.5, 0.7999999999999999, 143.24419999999998]
[0.0, 5.0, 8.0, 1.0, 0.7, 0.6, 0.7999999999999999, 142.43839999999997]
[0.0, 5.0, 8.0, 1.0, 0.7, 0.7, 0.7999999999999999, 145.0652]
[0.0, 5.0, 8.0, 1.0, 0.7, 0.7999999999999999, 0.7999999999999999, 148.94480000000004]
[0.0, 5.0, 8.0, 1.0, 0.7, 0.8999999999999999, 0.7999999999999999, 154.77380000000005]
[0.0, 5.0, 8.0, 1.0, 0.7, 0.9999999999999999, 0.7999999999999999, 156.5]
[0.0, 5.0, 8.0, 1.0, 0.7, 0.0, 0.8999999999999999, 139.90460000000002]
[0.0, 5.0, 8.0, 1.0, 0.7, 0.1, 0.8999999999999999, 141.7814]
[0.0, 5.0, 8.0, 1.0, 0.7, 0.2, 0.8999999999999999, 144.1202]
[0.0, 5.0, 8.0, 1.0, 0.7, 0.30000000000000004, 0.8999999999999999, 144.61280000000002]
[0.0, 5.0, 8.0, 1.0, 0.7, 0.4, 0.8999999999999999, 147.81800000000004]
[0.0, 5.0, 8.0, 1.0, 0.7, 0.5, 0.8999999999999999, 148.4444]
[0.0, 5.0, 8.0, 1.0, 0.7, 0.6, 0.8999999999999999, 152.3876]
[0.0, 5.0, 8.0, 1.0, 0.7, 0.7, 0.8999999999999999, 151.13060000000002]
[0.0, 5.0, 8.0, 1.0, 0.7, 0.7999999999999999, 0.8999999999999999, 152.7632]
[0.0, 5.0, 8.0, 1.0, 0.7, 0.8999999999999999, 0.8999999999999999, 154.90099999999998]
[0.0, 5.0, 8.0, 1.0, 0.7, 0.9999999999999999, 0.8999999999999999, 156.5]
[0.0, 5.0, 8.0, 1.0, 0.7, 0.0, 0.9999999999999999, 156.5]
[0.0, 5.0, 8.0, 1.0, 0.7, 0.1, 0.9999999999999999, 156.5]
[0.0, 5.0, 8.0, 1.0, 0.7, 0.2, 0.9999999999999999, 156.5]
[0.0, 5.0, 8.0, 1.0, 0.7, 0.30000000000000004, 0.9999999999999999, 156.5]
[0.0, 5.0, 8.0, 1.0, 0.7, 0.4, 0.9999999999999999, 156.5]
[0.0, 5.0, 8.0, 1.0, 0.7, 0.5, 0.9999999999999999, 156.5]
[0.0, 5.0, 8.0, 1.0, 0.7, 0.6, 0.9999999999999999, 156.5]
[0.0, 5.0, 8.0, 1.0, 0.7, 0.7, 0.9999999999999999, 156.5]
[0.0, 5.0, 8.0, 1.0, 0.7, 0.7999999999999999, 0.9999999999999999, 156.5]
[0.0, 5.0, 8.0, 1.0, 0.7, 0.8999999999999999, 0.9999999999999999, 156.5]
[0.0, 5.0, 8.0, 1.0, 0.7, 0.9999999999999999, 0.9999999999999999, 156.5]
[1.0, 4.0, 8.0, 1.0, 0.7, 0.0, 0.0, 109.55479999999994]
[1.0, 4.0, 8.0, 1.0, 0.7, 0.1, 0.0, 109.82839999999992]
[1.0, 4.0, 8.0, 1.0, 0.7, 0.2, 0.0, 110.00059999999999]
[1.0, 4.0, 8.0, 1.0, 0.7, 0.30000000000000004, 0.0, 110.53220000000003]
[1.0, 4.0, 8.0, 1.0, 0.7, 0.4, 0.0, 110.729]
[1.0, 4.0, 8.0, 1.0, 0.7, 0.5, 0.0, 113.04140000000012]
[1.0, 4.0, 8.0, 1.0, 0.7, 0.6, 0.0, 120.5468]
[1.0, 4.0, 8.0, 1.0, 0.7, 0.7, 0.0, 136.87100000000004]
[1.0, 4.0, 8.0, 1.0, 0.7, 0.7999999999999999, 0.0, 144.84559999999993]
[1.0, 4.0, 8.0, 1.0, 0.7, 0.8999999999999999, 0.0, 155.9972]
[1.0, 4.0, 8.0, 1.0, 0.7, 0.9999999999999999, 0.0, 156.49220000000003]
[1.0, 4.0, 8.0, 1.0, 0.7, 0.0, 0.1, 109.77020000000002]
[1.0, 4.0, 8.0, 1.0, 0.7, 0.1, 0.1, 110.0480000000001]
[1.0, 4.0, 8.0, 1.0, 0.7, 0.2, 0.1, 110.39539999999995]
[1.0, 4.0, 8.0, 1.0, 0.7, 0.30000000000000004, 0.1, 110.6917999999999]
[1.0, 4.0, 8.0, 1.0, 0.7, 0.4, 0.1, 111.44479999999993]
[1.0, 4.0, 8.0, 1.0, 0.7, 0.5, 0.1, 115.46240000000006]
[1.0, 4.0, 8.0, 1.0, 0.7, 0.6, 0.1, 127.79779999999997]
[1.0, 4.0, 8.0, 1.0, 0.7, 0.7, 0.1, 131.20280000000002]
[1.0, 4.0, 8.0, 1.0, 0.7, 0.7999999999999999, 0.1, 134.3528]
[1.0, 4.0, 8.0, 1.0, 0.7, 0.8999999999999999, 0.1, 143.99900000000005]
[1.0, 4.0, 8.0, 1.0, 0.7, 0.9999999999999999, 0.1, 156.05840000000003]
[1.0, 4.0, 8.0, 1.0, 0.7, 0.0, 0.2, 110.12599999999998]
[1.0, 4.0, 8.0, 1.0, 0.7, 0.1, 0.2, 110.48899999999995]
[1.0, 4.0, 8.0, 1.0, 0.7, 0.2, 0.2, 110.59219999999995]
[1.0, 4.0, 8.0, 1.0, 0.7, 0.30000000000000004, 0.2, 110.96059999999996]
[1.0, 4.0, 8.0, 1.0, 0.7, 0.4, 0.2, 111.58459999999997]
[1.0, 4.0, 8.0, 1.0, 0.7, 0.5, 0.2, 118.49059999999999]
[1.0, 4.0, 8.0, 1.0, 0.7, 0.6, 0.2, 125.83280000000003]
[1.0, 4.0, 8.0, 1.0, 0.7, 0.7, 0.2, 132.1634]
[1.0, 4.0, 8.0, 1.0, 0.7, 0.7999999999999999, 0.2, 133.0454]
[1.0, 4.0, 8.0, 1.0, 0.7, 0.8999999999999999, 0.2, 135.5666]
[1.0, 4.0, 8.0, 1.0, 0.7, 0.9999999999999999, 0.2, 146.46679999999998]
[1.0, 4.0, 8.0, 1.0, 0.7, 0.0, 0.30000000000000004, 110.45839999999998]
[1.0, 4.0, 8.0, 1.0, 0.7, 0.1, 0.30000000000000004, 110.70319999999995]
[1.0, 4.0, 8.0, 1.0, 0.7, 0.2, 0.30000000000000004, 111.06139999999994]
[1.0, 4.0, 8.0, 1.0, 0.7, 0.30000000000000004, 0.30000000000000004, 114.17719999999996]
[1.0, 4.0, 8.0, 1.0, 0.7, 0.4, 0.30000000000000004, 117.28220000000006]
[1.0, 4.0, 8.0, 1.0, 0.7, 0.5, 0.30000000000000004, 125.76199999999999]
[1.0, 4.0, 8.0, 1.0, 0.7, 0.6, 0.30000000000000004, 131.5735999999999]
[1.0, 4.0, 8.0, 1.0, 0.7, 0.7, 0.30000000000000004, 132.38779999999994]
[1.0, 4.0, 8.0, 1.0, 0.7, 0.7999999999999999, 0.30000000000000004, 132.62960000000004]
[1.0, 4.0, 8.0, 1.0, 0.7, 0.8999999999999999, 0.30000000000000004, 133.11439999999996]
[1.0, 4.0, 8.0, 1.0, 0.7, 0.9999999999999999, 0.30000000000000004, 134.42179999999996]
[1.0, 4.0, 8.0, 1.0, 0.7, 0.0, 0.4, 110.91980000000004]
[1.0, 4.0, 8.0, 1.0, 0.7, 0.1, 0.4, 111.21079999999999]
[1.0, 4.0, 8.0, 1.0, 0.7, 0.2, 0.4, 114.57140000000001]
[1.0, 4.0, 8.0, 1.0, 0.7, 0.30000000000000004, 0.4, 116.65819999999997]
[1.0, 4.0, 8.0, 1.0, 0.7, 0.4, 0.4, 122.0846]
[1.0, 4.0, 8.0, 1.0, 0.7, 0.5, 0.4, 128.1446]
[1.0, 4.0, 8.0, 1.0, 0.7, 0.6, 0.4, 131.537]
[1.0, 4.0, 8.0, 1.0, 0.7, 0.7, 0.4, 132.1928]
[1.0, 4.0, 8.0, 1.0, 0.7, 0.7999999999999999, 0.4, 132.40340000000003]
[1.0, 4.0, 8.0, 1.0, 0.7, 0.8999999999999999, 0.4, 132.87859999999995]
[1.0, 4.0, 8.0, 1.0, 0.7, 0.9999999999999999, 0.4, 133.18220000000002]
[1.0, 4.0, 8.0, 1.0, 0.7, 0.0, 0.5, 111.58820000000006]
[1.0, 4.0, 8.0, 1.0, 0.7, 0.1, 0.5, 118.23440000000011]
[1.0, 4.0, 8.0, 1.0, 0.7, 0.2, 0.5, 120.32239999999996]
[1.0, 4.0, 8.0, 1.0, 0.7, 0.30000000000000004, 0.5, 122.59100000000004]
[1.0, 4.0, 8.0, 1.0, 0.7, 0.4, 0.5, 129.55459999999997]
[1.0, 4.0, 8.0, 1.0, 0.7, 0.5, 0.5, 131.62039999999996]
[1.0, 4.0, 8.0, 1.0, 0.7, 0.6, 0.5, 132.18140000000002]
[1.0, 4.0, 8.0, 1.0, 0.7, 0.7, 0.5, 132.36860000000001]
[1.0, 4.0, 8.0, 1.0, 0.7, 0.7999999999999999, 0.5, 132.6967999999999]
[1.0, 4.0, 8.0, 1.0, 0.7, 0.8999999999999999, 0.5, 132.5852]
[1.0, 4.0, 8.0, 1.0, 0.7, 0.9999999999999999, 0.5, 132.686]
[1.0, 4.0, 8.0, 1.0, 0.7, 0.0, 0.6, 116.11940000000006]
[1.0, 4.0, 8.0, 1.0, 0.7, 0.1, 0.6, 122.32040000000002]
[1.0, 4.0, 8.0, 1.0, 0.7, 0.2, 0.6, 125.09959999999997]
[1.0, 4.0, 8.0, 1.0, 0.7, 0.30000000000000004, 0.6, 131.7434]
[1.0, 4.0, 8.0, 1.0, 0.7, 0.4, 0.6, 131.22619999999998]
[1.0, 4.0, 8.0, 1.0, 0.7, 0.5, 0.6, 132.20959999999997]
[1.0, 4.0, 8.0, 1.0, 0.7, 0.6, 0.6, 132.19640000000004]
[1.0, 4.0, 8.0, 1.0, 0.7, 0.7, 0.6, 132.4064]
[1.0, 4.0, 8.0, 1.0, 0.7, 0.7999999999999999, 0.6, 132.28759999999988]
[1.0, 4.0, 8.0, 1.0, 0.7, 0.8999999999999999, 0.6, 132.4586]
[1.0, 4.0, 8.0, 1.0, 0.7, 0.9999999999999999, 0.6, 132.55159999999995]
[1.0, 4.0, 8.0, 1.0, 0.7, 0.0, 0.7, 129.17899999999997]
[1.0, 4.0, 8.0, 1.0, 0.7, 0.1, 0.7, 130.31300000000005]
[1.0, 4.0, 8.0, 1.0, 0.7, 0.2, 0.7, 131.74699999999996]
[1.0, 4.0, 8.0, 1.0, 0.7, 0.30000000000000004, 0.7, 131.32640000000004]
[1.0, 4.0, 8.0, 1.0, 0.7, 0.4, 0.7, 132.14720000000005]
[1.0, 4.0, 8.0, 1.0, 0.7, 0.5, 0.7, 132.25820000000002]
[1.0, 4.0, 8.0, 1.0, 0.7, 0.6, 0.7, 132.33319999999998]
[1.0, 4.0, 8.0, 1.0, 0.7, 0.7, 0.7, 132.31759999999997]
[1.0, 4.0, 8.0, 1.0, 0.7, 0.7999999999999999, 0.7, 132.38780000000008]
[1.0, 4.0, 8.0, 1.0, 0.7, 0.8999999999999999, 0.7, 132.41959999999997]
[1.0, 4.0, 8.0, 1.0, 0.7, 0.9999999999999999, 0.7, 132.7952]
[1.0, 4.0, 8.0, 1.0, 0.7, 0.0, 0.7999999999999999, 132.06020000000004]
[1.0, 4.0, 8.0, 1.0, 0.7, 0.1, 0.7999999999999999, 132.18559999999997]
[1.0, 4.0, 8.0, 1.0, 0.7, 0.2, 0.7999999999999999, 132.14840000000007]
[1.0, 4.0, 8.0, 1.0, 0.7, 0.30000000000000004, 0.7999999999999999, 132.27560000000003]
[1.0, 4.0, 8.0, 1.0, 0.7, 0.4, 0.7999999999999999, 132.27200000000005]
[1.0, 4.0, 8.0, 1.0, 0.7, 0.5, 0.7999999999999999, 132.26359999999994]
[1.0, 4.0, 8.0, 1.0, 0.7, 0.6, 0.7999999999999999, 132.30919999999998]
[1.0, 4.0, 8.0, 1.0, 0.7, 0.7, 0.7999999999999999, 132.2474]
[1.0, 4.0, 8.0, 1.0, 0.7, 0.7999999999999999, 0.7999999999999999, 132.38600000000002]
[1.0, 4.0, 8.0, 1.0, 0.7, 0.8999999999999999, 0.7999999999999999, 132.43399999999994]
[1.0, 4.0, 8.0, 1.0, 0.7, 0.9999999999999999, 0.7999999999999999, 132.42979999999997]
[1.0, 4.0, 8.0, 1.0, 0.7, 0.0, 0.8999999999999999, 132.26059999999998]
[1.0, 4.0, 8.0, 1.0, 0.7, 0.1, 0.8999999999999999, 132.29059999999998]
[1.0, 4.0, 8.0, 1.0, 0.7, 0.2, 0.8999999999999999, 132.28279999999998]
[1.0, 4.0, 8.0, 1.0, 0.7, 0.30000000000000004, 0.8999999999999999, 132.30020000000002]
[1.0, 4.0, 8.0, 1.0, 0.7, 0.4, 0.8999999999999999, 132.3584]
[1.0, 4.0, 8.0, 1.0, 0.7, 0.5, 0.8999999999999999, 132.3242]
[1.0, 4.0, 8.0, 1.0, 0.7, 0.6, 0.8999999999999999, 132.36859999999993]
[1.0, 4.0, 8.0, 1.0, 0.7, 0.7, 0.8999999999999999, 132.37159999999997]
[1.0, 4.0, 8.0, 1.0, 0.7, 0.7999999999999999, 0.8999999999999999, 132.3818]
[1.0, 4.0, 8.0, 1.0, 0.7, 0.8999999999999999, 0.8999999999999999, 132.37879999999996]
[1.0, 4.0, 8.0, 1.0, 0.7, 0.9999999999999999, 0.8999999999999999, 132.38599999999997]
[1.0, 4.0, 8.0, 1.0, 0.7, 0.0, 0.9999999999999999, 132.3728]
[1.0, 4.0, 8.0, 1.0, 0.7, 0.1, 0.9999999999999999, 132.3728]
[1.0, 4.0, 8.0, 1.0, 0.7, 0.2, 0.9999999999999999, 132.3728]
[1.0, 4.0, 8.0, 1.0, 0.7, 0.30000000000000004, 0.9999999999999999, 132.3728]
[1.0, 4.0, 8.0, 1.0, 0.7, 0.4, 0.9999999999999999, 132.3728]
[1.0, 4.0, 8.0, 1.0, 0.7, 0.5, 0.9999999999999999, 132.3728]
[1.0, 4.0, 8.0, 1.0, 0.7, 0.6, 0.9999999999999999, 132.3728]
[1.0, 4.0, 8.0, 1.0, 0.7, 0.7, 0.9999999999999999, 132.3728]
[1.0, 4.0, 8.0, 1.0, 0.7, 0.7999999999999999, 0.9999999999999999, 132.3728]
[1.0, 4.0, 8.0, 1.0, 0.7, 0.8999999999999999, 0.9999999999999999, 132.3728]
[1.0, 4.0, 8.0, 1.0, 0.7, 0.9999999999999999, 0.9999999999999999, 132.3728]
[2.0, 3.0, 8.0, 1.0, 0.7, 0.0, 0.0, 109.55479999999994]
[2.0, 3.0, 8.0, 1.0, 0.7, 0.1, 0.0, 109.91360000000003]
[2.0, 3.0, 8.0, 1.0, 0.7, 0.2, 0.0, 110.18180000000015]
[2.0, 3.0, 8.0, 1.0, 0.7, 0.30000000000000004, 0.0, 110.56159999999993]
[2.0, 3.0, 8.0, 1.0, 0.7, 0.4, 0.0, 112.0508]
[2.0, 3.0, 8.0, 1.0, 0.7, 0.5, 0.0, 125.17100000000005]
[2.0, 3.0, 8.0, 1.0, 0.7, 0.6, 0.0, 136.29919999999993]
[2.0, 3.0, 8.0, 1.0, 0.7, 0.7, 0.0, 150.36559999999997]
[2.0, 3.0, 8.0, 1.0, 0.7, 0.7999999999999999, 0.0, 155.651]
[2.0, 3.0, 8.0, 1.0, 0.7, 0.8999999999999999, 0.0, 156.27259999999998]
[2.0, 3.0, 8.0, 1.0, 0.7, 0.9999999999999999, 0.0, 156.49220000000003]
[2.0, 3.0, 8.0, 1.0, 0.7, 0.0, 0.1, 109.83979999999987]
[2.0, 3.0, 8.0, 1.0, 0.7, 0.1, 0.1, 110.12060000000001]
[2.0, 3.0, 8.0, 1.0, 0.7, 0.2, 0.1, 110.56639999999997]
[2.0, 3.0, 8.0, 1.0, 0.7, 0.30000000000000004, 0.1, 111.25760000000001]
[2.0, 3.0, 8.0, 1.0, 0.7, 0.4, 0.1, 118.39580000000014]
[2.0, 3.0, 8.0, 1.0, 0.7, 0.5, 0.1, 126.2791999999999]
[2.0, 3.0, 8.0, 1.0, 0.7, 0.6, 0.1, 127.95319999999995]
[2.0, 3.0, 8.0, 1.0, 0.7, 0.7, 0.1, 142.2158]
[2.0, 3.0, 8.0, 1.0, 0.7, 0.7999999999999999, 0.1, 151.07599999999994]
[2.0, 3.0, 8.0, 1.0, 0.7, 0.8999999999999999, 0.1, 155.6318]
[2.0, 3.0, 8.0, 1.0, 0.7, 0.9999999999999999, 0.1, 156.22459999999998]
[2.0, 3.0, 8.0, 1.0, 0.7, 0.0, 0.2, 110.22019999999998]
[2.0, 3.0, 8.0, 1.0, 0.7, 0.1, 0.2, 110.51899999999992]
[2.0, 3.0, 8.0, 1.0, 0.7, 0.2, 0.2, 110.60239999999993]
[2.0, 3.0, 8.0, 1.0, 0.7, 0.30000000000000004, 0.2, 114.19699999999989]
[2.0, 3.0, 8.0, 1.0, 0.7, 0.4, 0.2, 123.13219999999994]
[2.0, 3.0, 8.0, 1.0, 0.7, 0.5, 0.2, 126.93019999999994]
[2.0, 3.0, 8.0, 1.0, 0.7, 0.6, 0.2, 127.51999999999997]
[2.0, 3.0, 8.0, 1.0, 0.7, 0.7, 0.2, 129.16279999999995]
[2.0, 3.0, 8.0, 1.0, 0.7, 0.7999999999999999, 0.2, 144.69080000000002]
[2.0, 3.0, 8.0, 1.0, 0.7, 0.8999999999999999, 0.2, 152.57660000000004]
[2.0, 3.0, 8.0, 1.0, 0.7, 0.9999999999999999, 0.2, 155.26700000000002]
[2.0, 3.0, 8.0, 1.0, 0.7, 0.0, 0.30000000000000004, 110.48420000000002]
[2.0, 3.0, 8.0, 1.0, 0.7, 0.1, 0.30000000000000004, 111.14539999999995]
[2.0, 3.0, 8.0, 1.0, 0.7, 0.2, 0.30000000000000004, 118.47260000000004]
[2.0, 3.0, 8.0, 1.0, 0.7, 0.30000000000000004, 0.30000000000000004, 125.03780000000002]
[2.0, 3.0, 8.0, 1.0, 0.7, 0.4, 0.30000000000000004, 126.57679999999993]
[2.0, 3.0, 8.0, 1.0, 0.7, 0.5, 0.30000000000000004, 126.26420000000009]
[2.0, 3.0, 8.0, 1.0, 0.7, 0.6, 0.30000000000000004, 126.85160000000005]
[2.0, 3.0, 8.0, 1.0, 0.7, 0.7, 0.30000000000000004, 127.95319999999987]
[2.0, 3.0, 8.0, 1.0, 0.7, 0.7999999999999999, 0.30000000000000004, 128.12959999999998]
[2.0, 3.0, 8.0, 1.0, 0.7, 0.8999999999999999, 0.30000000000000004, 142.36459999999997]
[2.0, 3.0, 8.0, 1.0, 0.7, 0.9999999999999999, 0.30000000000000004, 150.0908]
[2.0, 3.0, 8.0, 1.0, 0.7, 0.0, 0.4, 113.89819999999996]
[2.0, 3.0, 8.0, 1.0, 0.7, 0.1, 0.4, 121.79240000000001]
[2.0, 3.0, 8.0, 1.0, 0.7, 0.2, 0.4, 122.60600000000001]
[2.0, 3.0, 8.0, 1.0, 0.7, 0.30000000000000004, 0.4, 126.21559999999998]
[2.0, 3.0, 8.0, 1.0, 0.7, 0.4, 0.4, 126.57200000000005]
[2.0, 3.0, 8.0, 1.0, 0.7, 0.5, 0.4, 126.73759999999994]
[2.0, 3.0, 8.0, 1.0, 0.7, 0.6, 0.4, 127.50319999999994]
[2.0, 3.0, 8.0, 1.0, 0.7, 0.7, 0.4, 127.52779999999993]
[2.0, 3.0, 8.0, 1.0, 0.7, 0.7999999999999999, 0.4, 127.47500000000005]
[2.0, 3.0, 8.0, 1.0, 0.7, 0.8999999999999999, 0.4, 131.1625999999999]
[2.0, 3.0, 8.0, 1.0, 0.7, 0.9999999999999999, 0.4, 137.5238]
[2.0, 3.0, 8.0, 1.0, 0.7, 0.0, 0.5, 121.20980000000004]
[2.0, 3.0, 8.0, 1.0, 0.7, 0.1, 0.5, 126.08779999999992]
[2.0, 3.0, 8.0, 1.0, 0.7, 0.2, 0.5, 126.19700000000009]
[2.0, 3.0, 8.0, 1.0, 0.7, 0.30000000000000004, 0.5, 126.50599999999999]
[2.0, 3.0, 8.0, 1.0, 0.7, 0.4, 0.5, 126.60140000000004]
[2.0, 3.0, 8.0, 1.0, 0.7, 0.5, 0.5, 126.7304]
[2.0, 3.0, 8.0, 1.0, 0.7, 0.6, 0.5, 126.82040000000006]
[2.0, 3.0, 8.0, 1.0, 0.7, 0.7, 0.5, 126.94700000000006]
[2.0, 3.0, 8.0, 1.0, 0.7, 0.7999999999999999, 0.5, 127.24400000000011]
[2.0, 3.0, 8.0, 1.0, 0.7, 0.8999999999999999, 0.5, 127.36939999999998]
[2.0, 3.0, 8.0, 1.0, 0.7, 0.9999999999999999, 0.5, 128.55919999999995]
[2.0, 3.0, 8.0, 1.0, 0.7, 0.0, 0.6, 126.17479999999995]
[2.0, 3.0, 8.0, 1.0, 0.7, 0.1, 0.6, 126.23479999999998]
[2.0, 3.0, 8.0, 1.0, 0.7, 0.2, 0.6, 126.48799999999989]
[2.0, 3.0, 8.0, 1.0, 0.7, 0.30000000000000004, 0.6, 126.64340000000001]
[2.0, 3.0, 8.0, 1.0, 0.7, 0.4, 0.6, 126.8018]
[2.0, 3.0, 8.0, 1.0, 0.7, 0.5, 0.6, 126.77299999999998]
[2.0, 3.0, 8.0, 1.0, 0.7, 0.6, 0.6, 126.81499999999996]
[2.0, 3.0, 8.0, 1.0, 0.7, 0.7, 0.6, 126.86120000000003]
[2.0, 3.0, 8.0, 1.0, 0.7, 0.7999999999999999, 0.6, 127.01480000000001]
[2.0, 3.0, 8.0, 1.0, 0.7, 0.8999999999999999, 0.6, 126.9758]
[2.0, 3.0, 8.0, 1.0, 0.7, 0.9999999999999999, 0.6, 127.4089999999999]
[2.0, 3.0, 8.0, 1.0, 0.7, 0.0, 0.7, 126.4088]
[2.0, 3.0, 8.0, 1.0, 0.7, 0.1, 0.7, 126.55400000000002]
[2.0, 3.0, 8.0, 1.0, 0.7, 0.2, 0.7, 126.6506]
[2.0, 3.0, 8.0, 1.0, 0.7, 0.30000000000000004, 0.7, 126.65539999999993]
[2.0, 3.0, 8.0, 1.0, 0.7, 0.4, 0.7, 126.72079999999998]
[2.0, 3.0, 8.0, 1.0, 0.7, 0.5, 0.7, 126.7292]
[2.0, 3.0, 8.0, 1.0, 0.7, 0.6, 0.7, 126.79099999999995]
[2.0, 3.0, 8.0, 1.0, 0.7, 0.7, 0.7, 126.86479999999989]
[2.0, 3.0, 8.0, 1.0, 0.7, 0.7999999999999999, 0.7, 126.84739999999998]
[2.0, 3.0, 8.0, 1.0, 0.7, 0.8999999999999999, 0.7, 126.85759999999999]
[2.0, 3.0, 8.0, 1.0, 0.7, 0.9999999999999999, 0.7, 127.10840000000005]
[2.0, 3.0, 8.0, 1.0, 0.7, 0.0, 0.7999999999999999, 126.65539999999999]
[2.0, 3.0, 8.0, 1.0, 0.7, 0.1, 0.7999999999999999, 126.41239999999988]
[2.0, 3.0, 8.0, 1.0, 0.7, 0.2, 0.7999999999999999, 126.69559999999997]
[2.0, 3.0, 8.0, 1.0, 0.7, 0.30000000000000004, 0.7999999999999999, 126.71539999999997]
[2.0, 3.0, 8.0, 1.0, 0.7, 0.4, 0.7999999999999999, 126.74539999999998]
[2.0, 3.0, 8.0, 1.0, 0.7, 0.5, 0.7999999999999999, 126.75500000000001]
[2.0, 3.0, 8.0, 1.0, 0.7, 0.6, 0.7999999999999999, 126.79879999999997]
[2.0, 3.0, 8.0, 1.0, 0.7, 0.7, 0.7999999999999999, 126.80239999999999]
[2.0, 3.0, 8.0, 1.0, 0.7, 0.7999999999999999, 0.7999999999999999, 126.79999999999997]
[2.0, 3.0, 8.0, 1.0, 0.7, 0.8999999999999999, 0.7999999999999999, 126.87439999999994]
[2.0, 3.0, 8.0, 1.0, 0.7, 0.9999999999999999, 0.7999999999999999, 126.89960000000012]
[2.0, 3.0, 8.0, 1.0, 0.7, 0.0, 0.8999999999999999, 126.71599999999995]
[2.0, 3.0, 8.0, 1.0, 0.7, 0.1, 0.8999999999999999, 126.70339999999995]
[2.0, 3.0, 8.0, 1.0, 0.7, 0.2, 0.8999999999999999, 126.71659999999997]
[2.0, 3.0, 8.0, 1.0, 0.7, 0.30000000000000004, 0.8999999999999999, 126.72979999999998]
[2.0, 3.0, 8.0, 1.0, 0.7, 0.4, 0.8999999999999999, 126.75319999999998]
[2.0, 3.0, 8.0, 1.0, 0.7, 0.5, 0.8999999999999999, 126.7478]
[2.0, 3.0, 8.0, 1.0, 0.7, 0.6, 0.8999999999999999, 126.7598]
[2.0, 3.0, 8.0, 1.0, 0.7, 0.7, 0.8999999999999999, 126.80120000000004]
[2.0, 3.0, 8.0, 1.0, 0.7, 0.7999999999999999, 0.8999999999999999, 126.78319999999994]
[2.0, 3.0, 8.0, 1.0, 0.7, 0.8999999999999999, 0.8999999999999999, 126.77539999999988]
[2.0, 3.0, 8.0, 1.0, 0.7, 0.9999999999999999, 0.8999999999999999, 126.7928]
[2.0, 3.0, 8.0, 1.0, 0.7, 0.0, 0.9999999999999999, 126.75259999999996]
[2.0, 3.0, 8.0, 1.0, 0.7, 0.1, 0.9999999999999999, 126.75259999999996]
[2.0, 3.0, 8.0, 1.0, 0.7, 0.2, 0.9999999999999999, 126.75259999999996]
[2.0, 3.0, 8.0, 1.0, 0.7, 0.30000000000000004, 0.9999999999999999, 126.75259999999996]
[2.0, 3.0, 8.0, 1.0, 0.7, 0.4, 0.9999999999999999, 126.75259999999996]
[2.0, 3.0, 8.0, 1.0, 0.7, 0.5, 0.9999999999999999, 126.75259999999996]
[2.0, 3.0, 8.0, 1.0, 0.7, 0.6, 0.9999999999999999, 126.75259999999996]
[2.0, 3.0, 8.0, 1.0, 0.7, 0.7, 0.9999999999999999, 126.75259999999996]
[2.0, 3.0, 8.0, 1.0, 0.7, 0.7999999999999999, 0.9999999999999999, 126.75259999999996]
[2.0, 3.0, 8.0, 1.0, 0.7, 0.8999999999999999, 0.9999999999999999, 126.75259999999996]
[2.0, 3.0, 8.0, 1.0, 0.7, 0.9999999999999999, 0.9999999999999999, 126.75259999999996]
[3.0, 2.0, 8.0, 1.0, 0.7, 0.0, 0.0, 109.55479999999994]
[3.0, 2.0, 8.0, 1.0, 0.7, 0.1, 0.0, 109.90340000000002]
[3.0, 2.0, 8.0, 1.0, 0.7, 0.2, 0.0, 110.6557999999999]
[3.0, 2.0, 8.0, 1.0, 0.7, 0.30000000000000004, 0.0, 111.60379999999996]
[3.0, 2.0, 8.0, 1.0, 0.7, 0.4, 0.0, 129.07040000000012]
[3.0, 2.0, 8.0, 1.0, 0.7, 0.5, 0.0, 141.34459999999996]
[3.0, 2.0, 8.0, 1.0, 0.7, 0.6, 0.0, 150.8966]
[3.0, 2.0, 8.0, 1.0, 0.7, 0.7, 0.0, 155.4866]
[3.0, 2.0, 8.0, 1.0, 0.7, 0.7999999999999999, 0.0, 155.837]
[3.0, 2.0, 8.0, 1.0, 0.7, 0.8999999999999999, 0.0, 156.221]
[3.0, 2.0, 8.0, 1.0, 0.7, 0.9999999999999999, 0.0, 156.49220000000003]
[3.0, 2.0, 8.0, 1.0, 0.7, 0.0, 0.1, 109.94780000000017]
[3.0, 2.0, 8.0, 1.0, 0.7, 0.1, 0.1, 110.24299999999998]
[3.0, 2.0, 8.0, 1.0, 0.7, 0.2, 0.1, 113.49260000000011]
[3.0, 2.0, 8.0, 1.0, 0.7, 0.30000000000000004, 0.1, 120.07640000000008]
[3.0, 2.0, 8.0, 1.0, 0.7, 0.4, 0.1, 126.92660000000008]
[3.0, 2.0, 8.0, 1.0, 0.7, 0.5, 0.1, 139.31539999999995]
[3.0, 2.0, 8.0, 1.0, 0.7, 0.6, 0.1, 145.7258]
[3.0, 2.0, 8.0, 1.0, 0.7, 0.7, 0.1, 154.05140000000003]
[3.0, 2.0, 8.0, 1.0, 0.7, 0.7999999999999999, 0.1, 155.4578]
[3.0, 2.0, 8.0, 1.0, 0.7, 0.8999999999999999, 0.1, 155.93]
[3.0, 2.0, 8.0, 1.0, 0.7, 0.9999999999999999, 0.1, 156.2498]
[3.0, 2.0, 8.0, 1.0, 0.7, 0.0, 0.2, 110.63180000000003]
[3.0, 2.0, 8.0, 1.0, 0.7, 0.1, 0.2, 113.44579999999988]
[3.0, 2.0, 8.0, 1.0, 0.7, 0.2, 0.2, 119.86399999999998]
[3.0, 2.0, 8.0, 1.0, 0.7, 0.30000000000000004, 0.2, 120.82759999999993]
[3.0, 2.0, 8.0, 1.0, 0.7, 0.4, 0.2, 122.78300000000002]
[3.0, 2.0, 8.0, 1.0, 0.7, 0.5, 0.2, 134.11519999999996]
[3.0, 2.0, 8.0, 1.0, 0.7, 0.6, 0.2, 138.31339999999997]
[3.0, 2.0, 8.0, 1.0, 0.7, 0.7, 0.2, 152.36119999999994]
[3.0, 2.0, 8.0, 1.0, 0.7, 0.7999999999999999, 0.2, 153.8198]
[3.0, 2.0, 8.0, 1.0, 0.7, 0.8999999999999999, 0.2, 155.36899999999997]
[3.0, 2.0, 8.0, 1.0, 0.7, 0.9999999999999999, 0.2, 155.8898]
[3.0, 2.0, 8.0, 1.0, 0.7, 0.0, 0.30000000000000004, 114.02059999999994]
[3.0, 2.0, 8.0, 1.0, 0.7, 0.1, 0.30000000000000004, 119.81240000000001]
[3.0, 2.0, 8.0, 1.0, 0.7, 0.2, 0.30000000000000004, 120.72379999999997]
[3.0, 2.0, 8.0, 1.0, 0.7, 0.30000000000000004, 0.30000000000000004, 121.0112]
[3.0, 2.0, 8.0, 1.0, 0.7, 0.4, 0.30000000000000004, 121.21160000000003]
[3.0, 2.0, 8.0, 1.0, 0.7, 0.5, 0.30000000000000004, 122.57599999999987]
[3.0, 2.0, 8.0, 1.0, 0.7, 0.6, 0.30000000000000004, 134.58200000000005]
[3.0, 2.0, 8.0, 1.0, 0.7, 0.7, 0.30000000000000004, 142.3334]
[3.0, 2.0, 8.0, 1.0, 0.7, 0.7999999999999999, 0.30000000000000004, 152.702]
[3.0, 2.0, 8.0, 1.0, 0.7, 0.8999999999999999, 0.30000000000000004, 154.76659999999998]
[3.0, 2.0, 8.0, 1.0, 0.7, 0.9999999999999999, 0.30000000000000004, 155.41399999999996]
[3.0, 2.0, 8.0, 1.0, 0.7, 0.0, 0.4, 120.65120000000003]
[3.0, 2.0, 8.0, 1.0, 0.7, 0.1, 0.4, 120.81799999999993]
[3.0, 2.0, 8.0, 1.0, 0.7, 0.2, 0.4, 120.98299999999999]
[3.0, 2.0, 8.0, 1.0, 0.7, 0.30000000000000004, 0.4, 121.04900000000012]
[3.0, 2.0, 8.0, 1.0, 0.7, 0.4, 0.4, 121.16600000000003]
[3.0, 2.0, 8.0, 1.0, 0.7, 0.5, 0.4, 121.90520000000012]
[3.0, 2.0, 8.0, 1.0, 0.7, 0.6, 0.4, 124.38320000000014]
[3.0, 2.0, 8.0, 1.0, 0.7, 0.7, 0.4, 131.44519999999994]
[3.0, 2.0, 8.0, 1.0, 0.7, 0.7999999999999999, 0.4, 146.40800000000007]
[3.0, 2.0, 8.0, 1.0, 0.7, 0.8999999999999999, 0.4, 146.09060000000002]
[3.0, 2.0, 8.0, 1.0, 0.7, 0.9999999999999999, 0.4, 151.83500000000004]
[3.0, 2.0, 8.0, 1.0, 0.7, 0.0, 0.5, 120.8198]
[3.0, 2.0, 8.0, 1.0, 0.7, 0.1, 0.5, 120.95479999999992]
[3.0, 2.0, 8.0, 1.0, 0.7, 0.2, 0.5, 120.97400000000009]
[3.0, 2.0, 8.0, 1.0, 0.7, 0.30000000000000004, 0.5, 121.03100000000009]
[3.0, 2.0, 8.0, 1.0, 0.7, 0.4, 0.5, 121.2284000000001]
[3.0, 2.0, 8.0, 1.0, 0.7, 0.5, 0.5, 121.47740000000003]
[3.0, 2.0, 8.0, 1.0, 0.7, 0.6, 0.5, 121.72580000000019]
[3.0, 2.0, 8.0, 1.0, 0.7, 0.7, 0.5, 122.69240000000013]
[3.0, 2.0, 8.0, 1.0, 0.7, 0.7999999999999999, 0.5, 128.2286]
[3.0, 2.0, 8.0, 1.0, 0.7, 0.8999999999999999, 0.5, 133.02860000000007]
[3.0, 2.0, 8.0, 1.0, 0.7, 0.9999999999999999, 0.5, 142.2398]
[3.0, 2.0, 8.0, 1.0, 0.7, 0.0, 0.6, 120.98180000000004]
[3.0, 2.0, 8.0, 1.0, 0.7, 0.1, 0.6, 120.98240000000003]
[3.0, 2.0, 8.0, 1.0, 0.7, 0.2, 0.6, 121.05980000000004]
[3.0, 2.0, 8.0, 1.0, 0.7, 0.30000000000000004, 0.6, 121.1138000000001]
[3.0, 2.0, 8.0, 1.0, 0.7, 0.4, 0.6, 121.12820000000006]
[3.0, 2.0, 8.0, 1.0, 0.7, 0.5, 0.6, 121.247]
[3.0, 2.0, 8.0, 1.0, 0.7, 0.6, 0.6, 121.75159999999995]
[3.0, 2.0, 8.0, 1.0, 0.7, 0.7, 0.6, 121.58120000000014]
[3.0, 2.0, 8.0, 1.0, 0.7, 0.7999999999999999, 0.6, 122.81299999999995]
[3.0, 2.0, 8.0, 1.0, 0.7, 0.8999999999999999, 0.6, 122.90480000000012]
[3.0, 2.0, 8.0, 1.0, 0.7, 0.9999999999999999, 0.6, 127.06699999999998]
[3.0, 2.0, 8.0, 1.0, 0.7, 0.0, 0.7, 121.00940000000007]
[3.0, 2.0, 8.0, 1.0, 0.7, 0.1, 0.7, 121.02440000000009]
[3.0, 2.0, 8.0, 1.0, 0.7, 0.2, 0.7, 121.06819999999996]
[3.0, 2.0, 8.0, 1.0, 0.7, 0.30000000000000004, 0.7, 121.09699999999998]
[3.0, 2.0, 8.0, 1.0, 0.7, 0.4, 0.7, 121.13000000000005]
[3.0, 2.0, 8.0, 1.0, 0.7, 0.5, 0.7, 121.15700000000001]
[3.0, 2.0, 8.0, 1.0, 0.7, 0.6, 0.7, 121.19720000000005]
[3.0, 2.0, 8.0, 1.0, 0.7, 0.7, 0.7, 121.26080000000006]
[3.0, 2.0, 8.0, 1.0, 0.7, 0.7999999999999999, 0.7, 121.29680000000005]
[3.0, 2.0, 8.0, 1.0, 0.7, 0.8999999999999999, 0.7, 121.70660000000008]
[3.0, 2.0, 8.0, 1.0, 0.7, 0.9999999999999999, 0.7, 121.70540000000004]
[3.0, 2.0, 8.0, 1.0, 0.7, 0.0, 0.7999999999999999, 121.03760000000007]
[3.0, 2.0, 8.0, 1.0, 0.7, 0.1, 0.7999999999999999, 121.03340000000006]
[3.0, 2.0, 8.0, 1.0, 0.7, 0.2, 0.7999999999999999, 121.0886000000001]
[3.0, 2.0, 8.0, 1.0, 0.7, 0.30000000000000004, 0.7999999999999999, 121.0778]
[3.0, 2.0, 8.0, 1.0, 0.7, 0.4, 0.7999999999999999, 121.08800000000011]
[3.0, 2.0, 8.0, 1.0, 0.7, 0.5, 0.7999999999999999, 121.13000000000007]
[3.0, 2.0, 8.0, 1.0, 0.7, 0.6, 0.7999999999999999, 121.14860000000006]
[3.0, 2.0, 8.0, 1.0, 0.7, 0.7, 0.7999999999999999, 121.27040000000014]
[3.0, 2.0, 8.0, 1.0, 0.7, 0.7999999999999999, 0.7999999999999999, 121.33340000000007]
[3.0, 2.0, 8.0, 1.0, 0.7, 0.8999999999999999, 0.7999999999999999, 121.16840000000002]
[3.0, 2.0, 8.0, 1.0, 0.7, 0.9999999999999999, 0.7999999999999999, 121.33580000000008]
[3.0, 2.0, 8.0, 1.0, 0.7, 0.0, 0.8999999999999999, 121.05200000000005]
[3.0, 2.0, 8.0, 1.0, 0.7, 0.1, 0.8999999999999999, 121.05980000000011]
[3.0, 2.0, 8.0, 1.0, 0.7, 0.2, 0.8999999999999999, 121.07240000000003]
[3.0, 2.0, 8.0, 1.0, 0.7, 0.30000000000000004, 0.8999999999999999, 121.09160000000008]
[3.0, 2.0, 8.0, 1.0, 0.7, 0.4, 0.8999999999999999, 121.09640000000009]
[3.0, 2.0, 8.0, 1.0, 0.7, 0.5, 0.8999999999999999, 121.10420000000018]
[3.0, 2.0, 8.0, 1.0, 0.7, 0.6, 0.8999999999999999, 121.1072]
[3.0, 2.0, 8.0, 1.0, 0.7, 0.7, 0.8999999999999999, 121.12400000000004]
[3.0, 2.0, 8.0, 1.0, 0.7, 0.7999999999999999, 0.8999999999999999, 121.13000000000005]
[3.0, 2.0, 8.0, 1.0, 0.7, 0.8999999999999999, 0.8999999999999999, 121.27579999999999]
[3.0, 2.0, 8.0, 1.0, 0.7, 0.9999999999999999, 0.8999999999999999, 121.12220000000002]
[3.0, 2.0, 8.0, 1.0, 0.7, 0.0, 0.9999999999999999, 121.07540000000007]
[3.0, 2.0, 8.0, 1.0, 0.7, 0.1, 0.9999999999999999, 121.07540000000007]
[3.0, 2.0, 8.0, 1.0, 0.7, 0.2, 0.9999999999999999, 121.07540000000007]
[3.0, 2.0, 8.0, 1.0, 0.7, 0.30000000000000004, 0.9999999999999999, 121.07540000000007]
[3.0, 2.0, 8.0, 1.0, 0.7, 0.4, 0.9999999999999999, 121.07540000000007]
[3.0, 2.0, 8.0, 1.0, 0.7, 0.5, 0.9999999999999999, 121.07540000000007]
[3.0, 2.0, 8.0, 1.0, 0.7, 0.6, 0.9999999999999999, 121.07540000000007]
[3.0, 2.0, 8.0, 1.0, 0.7, 0.7, 0.9999999999999999, 121.07540000000007]
[3.0, 2.0, 8.0, 1.0, 0.7, 0.7999999999999999, 0.9999999999999999, 121.07540000000007]
[3.0, 2.0, 8.0, 1.0, 0.7, 0.8999999999999999, 0.9999999999999999, 121.07540000000007]
[3.0, 2.0, 8.0, 1.0, 0.7, 0.9999999999999999, 0.9999999999999999, 121.07540000000007]
[4.0, 1.0, 8.0, 1.0, 0.7, 0.0, 0.0, 109.55539999999993]
[4.0, 1.0, 8.0, 1.0, 0.7, 0.1, 0.0, 110.57659999999993]
[4.0, 1.0, 8.0, 1.0, 0.7, 0.2, 0.0, 118.42220000000009]
[4.0, 1.0, 8.0, 1.0, 0.7, 0.30000000000000004, 0.0, 133.12039999999996]
[4.0, 1.0, 8.0, 1.0, 0.7, 0.4, 0.0, 145.52899999999997]
[4.0, 1.0, 8.0, 1.0, 0.7, 0.5, 0.0, 154.26439999999997]
[4.0, 1.0, 8.0, 1.0, 0.7, 0.6, 0.0, 155.2622]
[4.0, 1.0, 8.0, 1.0, 0.7, 0.7, 0.0, 155.5064]
[4.0, 1.0, 8.0, 1.0, 0.7, 0.7999999999999999, 0.0, 156.0236]
[4.0, 1.0, 8.0, 1.0, 0.7, 0.8999999999999999, 0.0, 156.2474]
[4.0, 1.0, 8.0, 1.0, 0.7, 0.9999999999999999, 0.0, 156.4952]
[4.0, 1.0, 8.0, 1.0, 0.7, 0.0, 0.1, 109.96579999999994]
[4.0, 1.0, 8.0, 1.0, 0.7, 0.1, 0.1, 114.98419999999992]
[4.0, 1.0, 8.0, 1.0, 0.7, 0.2, 0.1, 116.11279999999995]
[4.0, 1.0, 8.0, 1.0, 0.7, 0.30000000000000004, 0.1, 127.09760000000011]
[4.0, 1.0, 8.0, 1.0, 0.7, 0.4, 0.1, 139.79360000000003]
[4.0, 1.0, 8.0, 1.0, 0.7, 0.5, 0.1, 151.97540000000004]
[4.0, 1.0, 8.0, 1.0, 0.7, 0.6, 0.1, 155.07920000000001]
[4.0, 1.0, 8.0, 1.0, 0.7, 0.7, 0.1, 155.1782]
[4.0, 1.0, 8.0, 1.0, 0.7, 0.7999999999999999, 0.1, 155.687]
[4.0, 1.0, 8.0, 1.0, 0.7, 0.8999999999999999, 0.1, 156.03979999999999]
[4.0, 1.0, 8.0, 1.0, 0.7, 0.9999999999999999, 0.1, 156.2162]
[4.0, 1.0, 8.0, 1.0, 0.7, 0.0, 0.2, 114.87559999999996]
[4.0, 1.0, 8.0, 1.0, 0.7, 0.1, 0.2, 115.43480000000005]
[4.0, 1.0, 8.0, 1.0, 0.7, 0.2, 0.2, 115.60099999999997]
[4.0, 1.0, 8.0, 1.0, 0.7, 0.30000000000000004, 0.2, 122.95339999999993]
[4.0, 1.0, 8.0, 1.0, 0.7, 0.4, 0.2, 139.52179999999998]
[4.0, 1.0, 8.0, 1.0, 0.7, 0.5, 0.2, 143.228]
[4.0, 1.0, 8.0, 1.0, 0.7, 0.6, 0.2, 153.10160000000002]
[4.0, 1.0, 8.0, 1.0, 0.7, 0.7, 0.2, 155.16379999999998]
[4.0, 1.0, 8.0, 1.0, 0.7, 0.7999999999999999, 0.2, 155.3186]
[4.0, 1.0, 8.0, 1.0, 0.7, 0.8999999999999999, 0.2, 155.59459999999999]
[4.0, 1.0, 8.0, 1.0, 0.7, 0.9999999999999999, 0.2, 155.9654]
[4.0, 1.0, 8.0, 1.0, 0.7, 0.0, 0.30000000000000004, 115.16899999999995]
[4.0, 1.0, 8.0, 1.0, 0.7, 0.1, 0.30000000000000004, 115.49599999999997]
[4.0, 1.0, 8.0, 1.0, 0.7, 0.2, 0.30000000000000004, 115.70959999999994]
[4.0, 1.0, 8.0, 1.0, 0.7, 0.30000000000000004, 0.30000000000000004, 117.96740000000004]
[4.0, 1.0, 8.0, 1.0, 0.7, 0.4, 0.30000000000000004, 131.03780000000003]
[4.0, 1.0, 8.0, 1.0, 0.7, 0.5, 0.30000000000000004, 142.14860000000002]
[4.0, 1.0, 8.0, 1.0, 0.7, 0.6, 0.30000000000000004, 147.41299999999998]
[4.0, 1.0, 8.0, 1.0, 0.7, 0.7, 0.30000000000000004, 151.6898]
[4.0, 1.0, 8.0, 1.0, 0.7, 0.7999999999999999, 0.30000000000000004, 154.9904]
[4.0, 1.0, 8.0, 1.0, 0.7, 0.8999999999999999, 0.30000000000000004, 155.33539999999994]
[4.0, 1.0, 8.0, 1.0, 0.7, 0.9999999999999999, 0.30000000000000004, 155.5994]
[4.0, 1.0, 8.0, 1.0, 0.7, 0.0, 0.4, 115.2554]
[4.0, 1.0, 8.0, 1.0, 0.7, 0.1, 0.4, 115.33399999999997]
[4.0, 1.0, 8.0, 1.0, 0.7, 0.2, 0.4, 115.91479999999999]
[4.0, 1.0, 8.0, 1.0, 0.7, 0.30000000000000004, 0.4, 115.71140000000003]
[4.0, 1.0, 8.0, 1.0, 0.7, 0.4, 0.4, 123.23000000000006]
[4.0, 1.0, 8.0, 1.0, 0.7, 0.5, 0.4, 135.3116]
[4.0, 1.0, 8.0, 1.0, 0.7, 0.6, 0.4, 134.94740000000002]
[4.0, 1.0, 8.0, 1.0, 0.7, 0.7, 0.4, 148.3154]
[4.0, 1.0, 8.0, 1.0, 0.7, 0.7999999999999999, 0.4, 150.5342]
[4.0, 1.0, 8.0, 1.0, 0.7, 0.8999999999999999, 0.4, 154.853]
[4.0, 1.0, 8.0, 1.0, 0.7, 0.9999999999999999, 0.4, 155.084]
[4.0, 1.0, 8.0, 1.0, 0.7, 0.0, 0.5, 115.28359999999995]
[4.0, 1.0, 8.0, 1.0, 0.7, 0.1, 0.5, 115.3784000000001]
[4.0, 1.0, 8.0, 1.0, 0.7, 0.2, 0.5, 115.49299999999997]
[4.0, 1.0, 8.0, 1.0, 0.7, 0.30000000000000004, 0.5, 116.63900000000004]
[4.0, 1.0, 8.0, 1.0, 0.7, 0.4, 0.5, 123.32840000000002]
[4.0, 1.0, 8.0, 1.0, 0.7, 0.5, 0.5, 126.92240000000004]
[4.0, 1.0, 8.0, 1.0, 0.7, 0.6, 0.5, 131.5418]
[4.0, 1.0, 8.0, 1.0, 0.7, 0.7, 0.5, 139.47320000000002]
[4.0, 1.0, 8.0, 1.0, 0.7, 0.7999999999999999, 0.5, 149.58800000000002]
[4.0, 1.0, 8.0, 1.0, 0.7, 0.8999999999999999, 0.5, 149.4638]
[4.0, 1.0, 8.0, 1.0, 0.7, 0.9999999999999999, 0.5, 154.0322]
[4.0, 1.0, 8.0, 1.0, 0.7, 0.0, 0.6, 115.30879999999998]
[4.0, 1.0, 8.0, 1.0, 0.7, 0.1, 0.6, 115.35080000000005]
[4.0, 1.0, 8.0, 1.0, 0.7, 0.2, 0.6, 115.40600000000002]
[4.0, 1.0, 8.0, 1.0, 0.7, 0.30000000000000004, 0.6, 115.6982]
[4.0, 1.0, 8.0, 1.0, 0.7, 0.4, 0.6, 115.93940000000002]
[4.0, 1.0, 8.0, 1.0, 0.7, 0.5, 0.6, 119.19320000000002]
[4.0, 1.0, 8.0, 1.0, 0.7, 0.6, 0.6, 127.36700000000005]
[4.0, 1.0, 8.0, 1.0, 0.7, 0.7, 0.6, 130.8044]
[4.0, 1.0, 8.0, 1.0, 0.7, 0.7999999999999999, 0.6, 133.96340000000004]
[4.0, 1.0, 8.0, 1.0, 0.7, 0.8999999999999999, 0.6, 140.3978]
[4.0, 1.0, 8.0, 1.0, 0.7, 0.9999999999999999, 0.6, 146.7188]
[4.0, 1.0, 8.0, 1.0, 0.7, 0.0, 0.7, 115.31]
[4.0, 1.0, 8.0, 1.0, 0.7, 0.1, 0.7, 115.34720000000006]
[4.0, 1.0, 8.0, 1.0, 0.7, 0.2, 0.7, 115.3712]
[4.0, 1.0, 8.0, 1.0, 0.7, 0.30000000000000004, 0.7, 115.49899999999995]
[4.0, 1.0, 8.0, 1.0, 0.7, 0.4, 0.7, 115.70239999999994]
[4.0, 1.0, 8.0, 1.0, 0.7, 0.5, 0.7, 116.25019999999998]
[4.0, 1.0, 8.0, 1.0, 0.7, 0.6, 0.7, 117.30559999999994]
[4.0, 1.0, 8.0, 1.0, 0.7, 0.7, 0.7, 123.57800000000003]
[4.0, 1.0, 8.0, 1.0, 0.7, 0.7999999999999999, 0.7, 126.30619999999995]
[4.0, 1.0, 8.0, 1.0, 0.7, 0.8999999999999999, 0.7, 130.13240000000002]
[4.0, 1.0, 8.0, 1.0, 0.7, 0.9999999999999999, 0.7, 135.3872]
[4.0, 1.0, 8.0, 1.0, 0.7, 0.0, 0.7999999999999999, 115.32979999999996]
[4.0, 1.0, 8.0, 1.0, 0.7, 0.1, 0.7999999999999999, 115.3423999999999]
[4.0, 1.0, 8.0, 1.0, 0.7, 0.2, 0.7999999999999999, 115.3706]
[4.0, 1.0, 8.0, 1.0, 0.7, 0.30000000000000004, 0.7999999999999999, 115.42040000000001]
[4.0, 1.0, 8.0, 1.0, 0.7, 0.4, 0.7999999999999999, 115.50799999999997]
[4.0, 1.0, 8.0, 1.0, 0.7, 0.5, 0.7999999999999999, 115.68199999999996]
[4.0, 1.0, 8.0, 1.0, 0.7, 0.6, 0.7999999999999999, 115.56260000000003]
[4.0, 1.0, 8.0, 1.0, 0.7, 0.7, 0.7999999999999999, 115.85959999999997]
[4.0, 1.0, 8.0, 1.0, 0.7, 0.7999999999999999, 0.7999999999999999, 116.07560000000005]
[4.0, 1.0, 8.0, 1.0, 0.7, 0.8999999999999999, 0.7999999999999999, 118.60579999999999]
[4.0, 1.0, 8.0, 1.0, 0.7, 0.9999999999999999, 0.7999999999999999, 121.34300000000003]
[4.0, 1.0, 8.0, 1.0, 0.7, 0.0, 0.8999999999999999, 115.33579999999998]
[4.0, 1.0, 8.0, 1.0, 0.7, 0.1, 0.8999999999999999, 115.35079999999999]
[4.0, 1.0, 8.0, 1.0, 0.7, 0.2, 0.8999999999999999, 115.35560000000004]
[4.0, 1.0, 8.0, 1.0, 0.7, 0.30000000000000004, 0.8999999999999999, 115.37120000000003]
[4.0, 1.0, 8.0, 1.0, 0.7, 0.4, 0.8999999999999999, 115.50800000000001]
[4.0, 1.0, 8.0, 1.0, 0.7, 0.5, 0.8999999999999999, 115.41379999999998]
[4.0, 1.0, 8.0, 1.0, 0.7, 0.6, 0.8999999999999999, 115.40000000000003]
[4.0, 1.0, 8.0, 1.0, 0.7, 0.7, 0.8999999999999999, 115.42760000000001]
[4.0, 1.0, 8.0, 1.0, 0.7, 0.7999999999999999, 0.8999999999999999, 115.48399999999994]
[4.0, 1.0, 8.0, 1.0, 0.7, 0.8999999999999999, 0.8999999999999999, 115.75580000000005]
[4.0, 1.0, 8.0, 1.0, 0.7, 0.9999999999999999, 0.8999999999999999, 115.59260000000008]
[4.0, 1.0, 8.0, 1.0, 0.7, 0.0, 0.9999999999999999, 115.33879999999999]
[4.0, 1.0, 8.0, 1.0, 0.7, 0.1, 0.9999999999999999, 115.33879999999999]
[4.0, 1.0, 8.0, 1.0, 0.7, 0.2, 0.9999999999999999, 115.33879999999999]
[4.0, 1.0, 8.0, 1.0, 0.7, 0.30000000000000004, 0.9999999999999999, 115.33879999999999]
[4.0, 1.0, 8.0, 1.0, 0.7, 0.4, 0.9999999999999999, 115.33879999999999]
[4.0, 1.0, 8.0, 1.0, 0.7, 0.5, 0.9999999999999999, 115.33879999999999]
[4.0, 1.0, 8.0, 1.0, 0.7, 0.6, 0.9999999999999999, 115.33879999999999]
[4.0, 1.0, 8.0, 1.0, 0.7, 0.7, 0.9999999999999999, 115.33879999999999]
[4.0, 1.0, 8.0, 1.0, 0.7, 0.7999999999999999, 0.9999999999999999, 115.33879999999999]
[4.0, 1.0, 8.0, 1.0, 0.7, 0.8999999999999999, 0.9999999999999999, 115.33879999999999]
[4.0, 1.0, 8.0, 1.0, 0.7, 0.9999999999999999, 0.9999999999999999, 115.33879999999999]
[5.0, 0.0, 8.0, 1.0, 0.7, 0.0, 0.0, 109.55000000000003]
[5.0, 0.0, 8.0, 1.0, 0.7, 0.1, 0.0, 126.29780000000004]
[5.0, 0.0, 8.0, 1.0, 0.7, 0.2, 0.0, 136.67480000000003]
[5.0, 0.0, 8.0, 1.0, 0.7, 0.30000000000000004, 0.0, 149.14579999999998]
[5.0, 0.0, 8.0, 1.0, 0.7, 0.4, 0.0, 154.5116]
[5.0, 0.0, 8.0, 1.0, 0.7, 0.5, 0.0, 154.89140000000003]
[5.0, 0.0, 8.0, 1.0, 0.7, 0.6, 0.0, 155.3798]
[5.0, 0.0, 8.0, 1.0, 0.7, 0.7, 0.0, 155.64679999999998]
[5.0, 0.0, 8.0, 1.0, 0.7, 0.7999999999999999, 0.0, 155.9888]
[5.0, 0.0, 8.0, 1.0, 0.7, 0.8999999999999999, 0.0, 156.233]
[5.0, 0.0, 8.0, 1.0, 0.7, 0.9999999999999999, 0.0, 156.4952]
[5.0, 0.0, 8.0, 1.0, 0.7, 0.0, 0.1, 109.55000000000003]
[5.0, 0.0, 8.0, 1.0, 0.7, 0.1, 0.1, 123.11660000000006]
[5.0, 0.0, 8.0, 1.0, 0.7, 0.2, 0.1, 133.66940000000005]
[5.0, 0.0, 8.0, 1.0, 0.7, 0.30000000000000004, 0.1, 144.33079999999998]
[5.0, 0.0, 8.0, 1.0, 0.7, 0.4, 0.1, 151.424]
[5.0, 0.0, 8.0, 1.0, 0.7, 0.5, 0.1, 154.8758]
[5.0, 0.0, 8.0, 1.0, 0.7, 0.6, 0.1, 155.28500000000003]
[5.0, 0.0, 8.0, 1.0, 0.7, 0.7, 0.1, 155.4962]
[5.0, 0.0, 8.0, 1.0, 0.7, 0.7999999999999999, 0.1, 155.67380000000003]
[5.0, 0.0, 8.0, 1.0, 0.7, 0.8999999999999999, 0.1, 155.99299999999997]
[5.0, 0.0, 8.0, 1.0, 0.7, 0.9999999999999999, 0.1, 156.2222]
[5.0, 0.0, 8.0, 1.0, 0.7, 0.0, 0.2, 109.55000000000003]
[5.0, 0.0, 8.0, 1.0, 0.7, 0.1, 0.2, 123.54080000000008]
[5.0, 0.0, 8.0, 1.0, 0.7, 0.2, 0.2, 132.218]
[5.0, 0.0, 8.0, 1.0, 0.7, 0.30000000000000004, 0.2, 141.143]
[5.0, 0.0, 8.0, 1.0, 0.7, 0.4, 0.2, 147.602]
[5.0, 0.0, 8.0, 1.0, 0.7, 0.5, 0.2, 154.5764]
[5.0, 0.0, 8.0, 1.0, 0.7, 0.6, 0.2, 154.63160000000005]
[5.0, 0.0, 8.0, 1.0, 0.7, 0.7, 0.2, 155.15240000000003]
[5.0, 0.0, 8.0, 1.0, 0.7, 0.7999999999999999, 0.2, 155.5898]
[5.0, 0.0, 8.0, 1.0, 0.7, 0.8999999999999999, 0.2, 155.741]
[5.0, 0.0, 8.0, 1.0, 0.7, 0.9999999999999999, 0.2, 155.86579999999998]
[5.0, 0.0, 8.0, 1.0, 0.7, 0.0, 0.30000000000000004, 109.55000000000003]
[5.0, 0.0, 8.0, 1.0, 0.7, 0.1, 0.30000000000000004, 120.04040000000002]
[5.0, 0.0, 8.0, 1.0, 0.7, 0.2, 0.30000000000000004, 134.08520000000001]
[5.0, 0.0, 8.0, 1.0, 0.7, 0.30000000000000004, 0.30000000000000004, 141.29359999999997]
[5.0, 0.0, 8.0, 1.0, 0.7, 0.4, 0.30000000000000004, 148.30159999999998]
[5.0, 0.0, 8.0, 1.0, 0.7, 0.5, 0.30000000000000004, 150.1604]
[5.0, 0.0, 8.0, 1.0, 0.7, 0.6, 0.30000000000000004, 154.87400000000005]
[5.0, 0.0, 8.0, 1.0, 0.7, 0.7, 0.30000000000000004, 154.9076]
[5.0, 0.0, 8.0, 1.0, 0.7, 0.7999999999999999, 0.30000000000000004, 155.28320000000002]
[5.0, 0.0, 8.0, 1.0, 0.7, 0.8999999999999999, 0.30000000000000004, 155.513]
[5.0, 0.0, 8.0, 1.0, 0.7, 0.9999999999999999, 0.30000000000000004, 155.71339999999998]
[5.0, 0.0, 8.0, 1.0, 0.7, 0.0, 0.4, 109.55000000000003]
[5.0, 0.0, 8.0, 1.0, 0.7, 0.1, 0.4, 115.58480000000002]
[5.0, 0.0, 8.0, 1.0, 0.7, 0.2, 0.4, 130.43119999999993]
[5.0, 0.0, 8.0, 1.0, 0.7, 0.30000000000000004, 0.4, 136.3658]
[5.0, 0.0, 8.0, 1.0, 0.7, 0.4, 0.4, 143.06300000000005]
[5.0, 0.0, 8.0, 1.0, 0.7, 0.5, 0.4, 149.12779999999998]
[5.0, 0.0, 8.0, 1.0, 0.7, 0.6, 0.4, 153.85160000000002]
[5.0, 0.0, 8.0, 1.0, 0.7, 0.7, 0.4, 153.2216]
[5.0, 0.0, 8.0, 1.0, 0.7, 0.7999999999999999, 0.4, 154.87220000000002]
[5.0, 0.0, 8.0, 1.0, 0.7, 0.8999999999999999, 0.4, 155.01080000000002]
[5.0, 0.0, 8.0, 1.0, 0.7, 0.9999999999999999, 0.4, 155.34980000000002]
[5.0, 0.0, 8.0, 1.0, 0.7, 0.0, 0.5, 109.55000000000003]
[5.0, 0.0, 8.0, 1.0, 0.7, 0.1, 0.5, 117.21199999999997]
[5.0, 0.0, 8.0, 1.0, 0.7, 0.2, 0.5, 126.9302]
[5.0, 0.0, 8.0, 1.0, 0.7, 0.30000000000000004, 0.5, 133.58299999999997]
[5.0, 0.0, 8.0, 1.0, 0.7, 0.4, 0.5, 136.3088]
[5.0, 0.0, 8.0, 1.0, 0.7, 0.5, 0.5, 145.45640000000003]
[5.0, 0.0, 8.0, 1.0, 0.7, 0.6, 0.5, 149.5616]
[5.0, 0.0, 8.0, 1.0, 0.7, 0.7, 0.5, 150.70819999999998]
[5.0, 0.0, 8.0, 1.0, 0.7, 0.7999999999999999, 0.5, 153.73760000000001]
[5.0, 0.0, 8.0, 1.0, 0.7, 0.8999999999999999, 0.5, 154.4402]
[5.0, 0.0, 8.0, 1.0, 0.7, 0.9999999999999999, 0.5, 155.00180000000003]
[5.0, 0.0, 8.0, 1.0, 0.7, 0.0, 0.6, 109.55000000000003]
[5.0, 0.0, 8.0, 1.0, 0.7, 0.1, 0.6, 116.19739999999992]
[5.0, 0.0, 8.0, 1.0, 0.7, 0.2, 0.6, 120.75319999999995]
[5.0, 0.0, 8.0, 1.0, 0.7, 0.30000000000000004, 0.6, 122.4482000000001]
[5.0, 0.0, 8.0, 1.0, 0.7, 0.4, 0.6, 133.5362]
[5.0, 0.0, 8.0, 1.0, 0.7, 0.5, 0.6, 135.27080000000004]
[5.0, 0.0, 8.0, 1.0, 0.7, 0.6, 0.6, 139.4408]
[5.0, 0.0, 8.0, 1.0, 0.7, 0.7, 0.6, 145.82839999999996]
[5.0, 0.0, 8.0, 1.0, 0.7, 0.7999999999999999, 0.6, 150.13039999999998]
[5.0, 0.0, 8.0, 1.0, 0.7, 0.8999999999999999, 0.6, 151.37240000000003]
[5.0, 0.0, 8.0, 1.0, 0.7, 0.9999999999999999, 0.6, 154.247]
[5.0, 0.0, 8.0, 1.0, 0.7, 0.0, 0.7, 109.55000000000003]
[5.0, 0.0, 8.0, 1.0, 0.7, 0.1, 0.7, 113.27840000000006]
[5.0, 0.0, 8.0, 1.0, 0.7, 0.2, 0.7, 118.48159999999999]
[5.0, 0.0, 8.0, 1.0, 0.7, 0.30000000000000004, 0.7, 123.4436]
[5.0, 0.0, 8.0, 1.0, 0.7, 0.4, 0.7, 126.6548]
[5.0, 0.0, 8.0, 1.0, 0.7, 0.5, 0.7, 131.54480000000004]
[5.0, 0.0, 8.0, 1.0, 0.7, 0.6, 0.7, 137.41400000000004]
[5.0, 0.0, 8.0, 1.0, 0.7, 0.7, 0.7, 138.24740000000003]
[5.0, 0.0, 8.0, 1.0, 0.7, 0.7999999999999999, 0.7, 144.4358]
[5.0, 0.0, 8.0, 1.0, 0.7, 0.8999999999999999, 0.7, 143.83459999999997]
[5.0, 0.0, 8.0, 1.0, 0.7, 0.9999999999999999, 0.7, 147.623]
[5.0, 0.0, 8.0, 1.0, 0.7, 0.0, 0.7999999999999999, 109.55000000000003]
[5.0, 0.0, 8.0, 1.0, 0.7, 0.1, 0.7999999999999999, 112.95379999999997]
[5.0, 0.0, 8.0, 1.0, 0.7, 0.2, 0.7999999999999999, 115.83200000000005]
[5.0, 0.0, 8.0, 1.0, 0.7, 0.30000000000000004, 0.7999999999999999, 119.35339999999995]
[5.0, 0.0, 8.0, 1.0, 0.7, 0.4, 0.7999999999999999, 124.52720000000005]
[5.0, 0.0, 8.0, 1.0, 0.7, 0.5, 0.7999999999999999, 126.59419999999994]
[5.0, 0.0, 8.0, 1.0, 0.7, 0.6, 0.7999999999999999, 124.2968]
[5.0, 0.0, 8.0, 1.0, 0.7, 0.7, 0.7999999999999999, 133.07240000000004]
[5.0, 0.0, 8.0, 1.0, 0.7, 0.7999999999999999, 0.7999999999999999, 132.18079999999998]
[5.0, 0.0, 8.0, 1.0, 0.7, 0.8999999999999999, 0.7999999999999999, 136.33939999999996]
[5.0, 0.0, 8.0, 1.0, 0.7, 0.9999999999999999, 0.7999999999999999, 135.42620000000005]
[5.0, 0.0, 8.0, 1.0, 0.7, 0.0, 0.8999999999999999, 109.55000000000003]
[5.0, 0.0, 8.0, 1.0, 0.7, 0.1, 0.8999999999999999, 110.24059999999999]
[5.0, 0.0, 8.0, 1.0, 0.7, 0.2, 0.8999999999999999, 113.82439999999995]
[5.0, 0.0, 8.0, 1.0, 0.7, 0.30000000000000004, 0.8999999999999999, 113.50399999999998]
[5.0, 0.0, 8.0, 1.0, 0.7, 0.4, 0.8999999999999999, 117.11660000000005]
[5.0, 0.0, 8.0, 1.0, 0.7, 0.5, 0.8999999999999999, 118.94359999999992]
[5.0, 0.0, 8.0, 1.0, 0.7, 0.6, 0.8999999999999999, 118.66159999999999]
[5.0, 0.0, 8.0, 1.0, 0.7, 0.7, 0.8999999999999999, 121.38739999999987]
[5.0, 0.0, 8.0, 1.0, 0.7, 0.7999999999999999, 0.8999999999999999, 121.71859999999992]
[5.0, 0.0, 8.0, 1.0, 0.7, 0.8999999999999999, 0.8999999999999999, 124.09760000000004]
[5.0, 0.0, 8.0, 1.0, 0.7, 0.9999999999999999, 0.8999999999999999, 126.50420000000005]
[5.0, 0.0, 8.0, 1.0, 0.7, 0.0, 0.9999999999999999, 109.55000000000003]
[5.0, 0.0, 8.0, 1.0, 0.7, 0.1, 0.9999999999999999, 109.55000000000003]
[5.0, 0.0, 8.0, 1.0, 0.7, 0.2, 0.9999999999999999, 109.55000000000003]
[5.0, 0.0, 8.0, 1.0, 0.7, 0.30000000000000004, 0.9999999999999999, 109.55000000000003]
[5.0, 0.0, 8.0, 1.0, 0.7, 0.4, 0.9999999999999999, 109.55000000000003]
[5.0, 0.0, 8.0, 1.0, 0.7, 0.5, 0.9999999999999999, 109.55000000000003]
[5.0, 0.0, 8.0, 1.0, 0.7, 0.6, 0.9999999999999999, 109.55000000000003]
[5.0, 0.0, 8.0, 1.0, 0.7, 0.7, 0.9999999999999999, 109.55000000000003]
[5.0, 0.0, 8.0, 1.0, 0.7, 0.7999999999999999, 0.9999999999999999, 109.55000000000003]
[5.0, 0.0, 8.0, 1.0, 0.7, 0.8999999999999999, 0.9999999999999999, 109.55000000000003]
[5.0, 0.0, 8.0, 1.0, 0.7, 0.9999999999999999, 0.9999999999999999, 109.55000000000003]
