[0.0, 5.0, 8.0, 1.0, 0.7, 0.0, 0.0, 109.55479999999994]
[0.0, 5.0, 8.0, 1.0, 0.7, 0.1, 0.0, 109.80919999999995]
[0.0, 5.0, 8.0, 1.0, 0.7, 0.2, 0.0, 110.11099999999998]
[0.0, 5.0, 8.0, 1.0, 0.7, 0.30000000000000004, 0.0, 110.2921999999999]
[0.0, 5.0, 8.0, 1.0, 0.7, 0.4, 0.0, 110.60720000000005]
[0.0, 5.0, 8.0, 1.0, 0.7, 0.5, 0.0, 111.01820000000001]
[0.0, 5.0, 8.0, 1.0, 0.7, 0.6, 0.0, 111.9578]
[0.0, 5.0, 8.0, 1.0, 0.7, 0.7, 0.0, 115.20199999999993]
[0.0, 5.0, 8.0, 1.0, 0.7, 0.7999999999999999, 0.0, 124.70960000000002]
[0.0, 5.0, 8.0, 1.0, 0.7, 0.8999999999999999, 0.0, 143.6216]
[0.0, 5.0, 8.0, 1.0, 0.7, 0.9999999999999999, 0.0, 156.5]
[0.0, 5.0, 8.0, 1.0, 0.7, 0.0, 0.1, 109.81940000000019]
[0.0, 5.0, 8.0, 1.0, 0.7, 0.1, 0.1, 110.0983999999998]
[0.0, 5.0, 8.0, 1.0, 0.7, 0.2, 0.1, 110.28740000000006]
[0.0, 5.0, 8.0, 1.0, 0.7, 0.30000000000000004, 0.1, 110.63600000000011]
[0.0, 5.0, 8.0, 1.0, 0.7, 0.4, 0.1, 110.90299999999999]
[0.0, 5.0, 8.0, 1.0, 0.7, 0.5, 0.1, 111.14659999999996]
[0.0, 5.0, 8.0, 1.0, 0.7, 0.6, 0.1, 114.19340000000005]
[0.0, 5.0, 8.0, 1.0, 0.7, 0.7, 0.1, 119.65939999999996]
[0.0, 5.0, 8.0, 1.0, 0.7, 0.7999999999999999, 0.1, 134.58139999999997]
[0.0, 5.0, 8.0, 1.0, 0.7, 0.8999999999999999, 0.1, 140.0594]
[0.0, 5.0, 8.0, 1.0, 0.7, 0.9999999999999999, 0.1, 156.5]
[0.0, 5.0, 8.0, 1.0, 0.7, 0.0, 0.2, 110.03659999999996]
[0.0, 5.0, 8.0, 1.0, 0.7, 0.1, 0.2, 110.36839999999995]
[0.0, 5.0, 8.0, 1.0, 0.7, 0.2, 0.2, 110.6324000000001]
[0.0, 5.0, 8.0, 1.0, 0.7, 0.30000000000000004, 0.2, 110.75539999999991]
[0.0, 5.0, 8.0, 1.0, 0.7, 0.4, 0.2, 111.01999999999997]
[0.0, 5.0, 8.0, 1.0, 0.7, 0.5, 0.2, 112.09040000000007]
[0.0, 5.0, 8.0, 1.0, 0.7, 0.6, 0.2, 116.0894000000001]
[0.0, 5.0, 8.0, 1.0, 0.7, 0.7, 0.2, 122.5916]
[0.0, 5.0, 8.0, 1.0, 0.7, 0.7999999999999999, 0.2, 129.59959999999998]
[0.0, 5.0, 8.0, 1.0, 0.7, 0.8999999999999999, 0.2, 146.018]
[0.0, 5.0, 8.0, 1.0, 0.7, 0.9999999999999999, 0.2, 156.5]
[0.0, 5.0, 8.0, 1.0, 0.7, 0.0, 0.30000000000000004, 110.40439999999997]
[0.0, 5.0, 8.0, 1.0, 0.7, 0.1, 0.30000000000000004, 110.54180000000008]
[0.0, 5.0, 8.0, 1.0, 0.7, 0.2, 0.30000000000000004, 110.77039999999995]
[0.0, 5.0, 8.0, 1.0, 0.7, 0.30000000000000004, 0.30000000000000004, 111.08720000000007]
[0.0, 5.0, 8.0, 1.0, 0.7, 0.4, 0.30000000000000004, 111.67400000000004]
[0.0, 5.0, 8.0, 1.0, 0.7, 0.5, 0.30000000000000004, 115.4515999999999]
[0.0, 5.0, 8.0, 1.0, 0.7, 0.6, 0.30000000000000004, 117.29599999999994]
[0.0, 5.0, 8.0, 1.0, 0.7, 0.7, 0.30000000000000004, 128.24959999999996]
[0.0, 5.0, 8.0, 1.0, 0.7, 0.7999999999999999, 0.30000000000000004, 139.73960000000002]
[0.0, 5.0, 8.0, 1.0, 0.7, 0.8999999999999999, 0.30000000000000004, 150.93380000000002]
[0.0, 5.0, 8.0, 1.0, 0.7, 0.9999999999999999, 0.30000000000000004, 156.5]
[0.0, 5.0, 8.0, 1.0, 0.7, 0.0, 0.4, 110.53160000000015]
[0.0, 5.0, 8.0, 1.0, 0.7, 0.1, 0.4, 110.98939999999995]
[0.0, 5.0, 8.0, 1.0, 0.7, 0.2, 0.4, 111.12560000000003]
[0.0, 5.0, 8.0, 1.0, 0.7, 0.30000000000000004, 0.4, 111.22460000000008]
[0.0, 5.0, 8.0, 1.0, 0.7, 0.4, 0.4, 112.48640000000006]
[0.0, 5.0, 8.0, 1.0, 0.7, 0.5, 0.4, 116.70980000000007]
[0.0, 5.0, 8.0, 1.0, 0.7, 0.6, 0.4, 119.59459999999997]
[0.0, 5.0, 8.0, 1.0, 0.7, 0.7, 0.4, 131.87359999999998]
[0.0, 5.0, 8.0, 1.0, 0.7, 0.7999999999999999, 0.4, 138.04039999999995]
[0.0, 5.0, 8.0, 1.0, 0.7, 0.8999999999999999, 0.4, 144.6614]
[0.0, 5.0, 8.0, 1.0, 0.7, 0.9999999999999999, 0.4, 156.5]
[0.0, 5.0, 8.0, 1.0, 0.7, 0.0, 0.5, 111.1646]
[0.0, 5.0, 8.0, 1.0, 0.7, 0.1, 0.5, 111.30020000000003]
[0.0, 5.0, 8.0, 1.0, 0.7, 0.2, 0.5, 112.15579999999999]
[0.0, 5.0, 8.0, 1.0, 0.7, 0.30000000000000004, 0.5, 114.6625999999999]
[0.0, 5.0, 8.0, 1.0, 0.7, 0.4, 0.5, 117.72620000000003]
[0.0, 5.0, 8.0, 1.0, 0.7, 0.5, 0.5, 122.17400000000002]
[0.0, 5.0, 8.0, 1.0, 0.7, 0.6, 0.5, 128.23999999999995]
[0.0, 5.0, 8.0, 1.0, 0.7, 0.7, 0.5, 136.3196]
[0.0, 5.0, 8.0, 1.0, 0.7, 0.7999999999999999, 0.5, 142.6142]
[0.0, 5.0, 8.0, 1.0, 0.7, 0.8999999999999999, 0.5, 150.2252]
[0.0, 5.0, 8.0, 1.0, 0.7, 0.9999999999999999, 0.5, 156.5]
[0.0, 5.0, 8.0, 1.0, 0.7, 0.0, 0.6, 111.95900000000006]
[0.0, 5.0, 8.0, 1.0, 0.7, 0.1, 0.6, 115.83740000000007]
[0.0, 5.0, 8.0, 1.0, 0.7, 0.2, 0.6, 120.188]
[0.0, 5.0, 8.0, 1.0, 0.7, 0.30000000000000004, 0.6, 119.58200000000001]
[0.0, 5.0, 8.0, 1.0, 0.7, 0.4, 0.6, 124.1462]
[0.0, 5.0, 8.0, 1.0, 0.7, 0.5, 0.6, 132.06440000000003]
[0.0, 5.0, 8.0, 1.0, 0.7, 0.6, 0.6, 132.1352]
[0.0, 5.0, 8.0, 1.0, 0.7, 0.7, 0.6, 140.0348]
[0.0, 5.0, 8.0, 1.0, 0.7, 0.7999999999999999, 0.6, 142.14140000000003]
[0.0, 5.0, 8.0, 1.0, 0.7, 0.8999999999999999, 0.6, 150.52279999999996]
[0.0, 5.0, 8.0, 1.0, 0.7, 0.9999999999999999, 0.6, 156.5]
[0.0, 5.0, 8.0, 1.0, 0.7, 0.0, 0.7, 116.06420000000003]
[0.0, 5.0, 8.0, 1.0, 0.7, 0.1, 0.7, 119.37439999999997]
[0.0, 5.0, 8.0, 1.0, 0.7, 0.2, 0.7, 125.20579999999993]
[0.0, 5.0, 8.0, 1.0, 0.7, 0.30000000000000004, 0.7, 124.3436]
[0.0, 5.0, 8.0, 1.0, 0.7, 0.4, 0.7, 128.948]
[0.0, 5.0, 8.0, 1.0, 0.7, 0.5, 0.7, 135.60980000000004]
[0.0, 5.0, 8.0, 1.0, 0.7, 0.6, 0.7, 139.42459999999997]
[0.0, 5.0, 8.0, 1.0, 0.7, 0.7, 0.7, 141.77000000000004]
[0.0, 5.0, 8.0, 1.0, 0.7, 0.7999999999999999, 0.7, 146.15660000000005]
[0.0, 5.0, 8.0, 1.0, 0.7, 0.8999999999999999, 0.7, 152.97619999999998]
[0.0, 5.0, 8.0, 1.0, 0.7, 0.9999999999999999, 0.7, 156.5]
[0.0, 5.0, 8.0, 1.0, 0.7, 0.0, 0.7999999999999999, 126.77239999999999]
[0.0, 5.0, 8.0, 1.0, 0.7, 0.1, 0.7999999999999999, 132.53840000000005]
[0.0, 5.0, 8.0, 1.0, 0.7, 0.2, 0.7999999999999999, 130.61479999999997]
[0.0, 5.0, 8.0, 1.0, 0.7, 0.30000000000000004, 0.7999999999999999, 137.02699999999996]
[0.0, 5.0, 8.0, 1.0, 0.7, 0.4, 0.7999999999999999, 136.58540000000002]
[0.0, 5.0, 8.0, 1.0, 0.7, 0.5, 0.7999999999999999, 143.9]
[0.0, 5.0, 8.0, 1.0, 0.7, 0.6, 0.7999999999999999, 143.5094]
[0.0, 5.0, 8.0, 1.0, 0.7, 0.7, 0.7999999999999999, 143.73079999999993]
[0.0, 5.0, 8.0, 1.0, 0.7, 0.7999999999999999, 0.7999999999999999, 147.8576]
[0.0, 5.0, 8.0, 1.0, 0.7, 0.8999999999999999, 0.7999999999999999, 151.58720000000002]
[0.0, 5.0, 8.0, 1.0, 0.7, 0.9999999999999999, 0.7999999999999999, 156.5]
[0.0, 5.0, 8.0, 1.0, 0.7, 0.0, 0.8999999999999999, 139.35559999999998]
[0.0, 5.0, 8.0, 1.0, 0.7, 0.1, 0.8999999999999999, 142.32020000000006]
[0.0, 5.0, 8.0, 1.0, 0.7, 0.2, 0.8999999999999999, 145.79419999999993]
[0.0, 5.0, 8.0, 1.0, 0.7, 0.30000000000000004, 0.8999999999999999, 143.39540000000005]
[0.0, 5.0, 8.0, 1.0, 0.7, 0.4, 0.8999999999999999, 145.71980000000005]
[0.0, 5.0, 8.0, 1.0, 0.7, 0.5, 0.8999999999999999, 149.81240000000003]
[0.0, 5.0, 8.0, 1.0, 0.7, 0.6, 0.8999999999999999, 149.15240000000009]
[0.0, 5.0, 8.0, 1.0, 0.7, 0.7, 0.8999999999999999, 151.74439999999993]
[0.0, 5.0, 8.0, 1.0, 0.7, 0.7999999999999999, 0.8999999999999999, 152.76319999999998]
[0.0, 5.0, 8.0, 1.0, 0.7, 0.8999999999999999, 0.8999999999999999, 155.252]
[0.0, 5.0, 8.0, 1.0, 0.7, 0.9999999999999999, 0.8999999999999999, 156.5]
[0.0, 5.0, 8.0, 1.0, 0.7, 0.0, 0.9999999999999999, 156.5]
[0.0, 5.0, 8.0, 1.0, 0.7, 0.1, 0.9999999999999999, 156.5]
[0.0, 5.0, 8.0, 1.0, 0.7, 0.2, 0.9999999999999999, 156.5]
[0.0, 5.0, 8.0, 1.0, 0.7, 0.30000000000000004, 0.9999999999999999, 156.5]
[0.0, 5.0, 8.0, 1.0, 0.7, 0.4, 0.9999999999999999, 156.5]
[0.0, 5.0, 8.0, 1.0, 0.7, 0.5, 0.9999999999999999, 156.5]
[0.0, 5.0, 8.0, 1.0, 0.7, 0.6, 0.9999999999999999, 156.5]
[0.0, 5.0, 8.0, 1.0, 0.7, 0.7, 0.9999999999999999, 156.5]
[0.0, 5.0, 8.0, 1.0, 0.7, 0.7999999999999999, 0.9999999999999999, 156.5]
[0.0, 5.0, 8.0, 1.0, 0.7, 0.8999999999999999, 0.9999999999999999, 156.5]
[0.0, 5.0, 8.0, 1.0, 0.7, 0.9999999999999999, 0.9999999999999999, 156.5]
[1.0, 4.0, 8.0, 1.0, 0.7, 0.0, 0.0, 109.55479999999994]
[1.0, 4.0, 8.0, 1.0, 0.7, 0.1, 0.0, 109.8194]
[1.0, 4.0, 8.0, 1.0, 0.7, 0.2, 0.0, 110.1554000000001]
[1.0, 4.0, 8.0, 1.0, 0.7, 0.30000000000000004, 0.0, 110.52380000000004]
[1.0, 4.0, 8.0, 1.0, 0.7, 0.4, 0.0, 110.81060000000006]
[1.0, 4.0, 8.0, 1.0, 0.7, 0.5, 0.0, 111.48199999999999]
[1.0, 4.0, 8.0, 1.0, 0.7, 0.6, 0.0, 122.20880000000002]
[1.0, 4.0, 8.0, 1.0, 0.7, 0.7, 0.0, 136.10539999999997]
[1.0, 4.0, 8.0, 1.0, 0.7, 0.7999999999999999, 0.0, 147.8108]
[1.0, 4.0, 8.0, 1.0, 0.7, 0.8999999999999999, 0.0, 155.5652]
[1.0, 4.0, 8.0, 1.0, 0.7, 0.9999999999999999, 0.0, 156.49220000000003]
[1.0, 4.0, 8.0, 1.0, 0.7, 0.0, 0.1, 109.82599999999996]
[1.0, 4.0, 8.0, 1.0, 0.7, 0.1, 0.1, 110.11639999999997]
[1.0, 4.0, 8.0, 1.0, 0.7, 0.2, 0.1, 110.26400000000005]
[1.0, 4.0, 8.0, 1.0, 0.7, 0.30000000000000004, 0.1, 110.66419999999991]
[1.0, 4.0, 8.0, 1.0, 0.7, 0.4, 0.1, 111.45200000000006]
[1.0, 4.0, 8.0, 1.0, 0.7, 0.5, 0.1, 114.97639999999998]
[1.0, 4.0, 8.0, 1.0, 0.7, 0.6, 0.1, 126.1754]
[1.0, 4.0, 8.0, 1.0, 0.7, 0.7, 0.1, 132.45260000000005]
[1.0, 4.0, 8.0, 1.0, 0.7, 0.7999999999999999, 0.1, 133.53619999999995]
[1.0, 4.0, 8.0, 1.0, 0.7, 0.8999999999999999, 0.1, 146.74700000000004]
[1.0, 4.0, 8.0, 1.0, 0.7, 0.9999999999999999, 0.1, 156.0548]
[1.0, 4.0, 8.0, 1.0, 0.7, 0.0, 0.2, 110.18720000000003]
[1.0, 4.0, 8.0, 1.0, 0.7, 0.1, 0.2, 110.40320000000004]
[1.0, 4.0, 8.0, 1.0, 0.7, 0.2, 0.2, 110.81299999999996]
[1.0, 4.0, 8.0, 1.0, 0.7, 0.30000000000000004, 0.2, 111.10939999999988]
[1.0, 4.0, 8.0, 1.0, 0.7, 0.4, 0.2, 113.19859999999998]
[1.0, 4.0, 8.0, 1.0, 0.7, 0.5, 0.2, 120.26720000000003]
[1.0, 4.0, 8.0, 1.0, 0.7, 0.6, 0.2, 123.72259999999997]
[1.0, 4.0, 8.0, 1.0, 0.7, 0.7, 0.2, 132.3230000000001]
[1.0, 4.0, 8.0, 1.0, 0.7, 0.7999999999999999, 0.2, 132.92600000000002]
[1.0, 4.0, 8.0, 1.0, 0.7, 0.8999999999999999, 0.2, 140.3924]
[1.0, 4.0, 8.0, 1.0, 0.7, 0.9999999999999999, 0.2, 146.97559999999996]
[1.0, 4.0, 8.0, 1.0, 0.7, 0.0, 0.30000000000000004, 110.29580000000003]
[1.0, 4.0, 8.0, 1.0, 0.7, 0.1, 0.30000000000000004, 110.69539999999999]
[1.0, 4.0, 8.0, 1.0, 0.7, 0.2, 0.30000000000000004, 111.00560000000014]
[1.0, 4.0, 8.0, 1.0, 0.7, 0.30000000000000004, 0.30000000000000004, 111.36800000000007]
[1.0, 4.0, 8.0, 1.0, 0.7, 0.4, 0.30000000000000004, 119.02400000000006]
[1.0, 4.0, 8.0, 1.0, 0.7, 0.5, 0.30000000000000004, 124.4618]
[1.0, 4.0, 8.0, 1.0, 0.7, 0.6, 0.30000000000000004, 129.60739999999998]
[1.0, 4.0, 8.0, 1.0, 0.7, 0.7, 0.30000000000000004, 132.16519999999994]
[1.0, 4.0, 8.0, 1.0, 0.7, 0.7999999999999999, 0.30000000000000004, 133.03519999999995]
[1.0, 4.0, 8.0, 1.0, 0.7, 0.8999999999999999, 0.30000000000000004, 133.1594]
[1.0, 4.0, 8.0, 1.0, 0.7, 0.9999999999999999, 0.30000000000000004, 137.44400000000002]
[1.0, 4.0, 8.0, 1.0, 0.7, 0.0, 0.4, 111.1484]
[1.0, 4.0, 8.0, 1.0, 0.7, 0.1, 0.4, 111.13040000000007]
[1.0, 4.0, 8.0, 1.0, 0.7, 0.2, 0.4, 113.68639999999995]
[1.0, 4.0, 8.0, 1.0, 0.7, 0.30000000000000004, 0.4, 117.36440000000006]
[1.0, 4.0, 8.0, 1.0, 0.7, 0.4, 0.4, 121.19119999999997]
[1.0, 4.0, 8.0, 1.0, 0.7, 0.5, 0.4, 130.79420000000005]
[1.0, 4.0, 8.0, 1.0, 0.7, 0.6, 0.4, 131.9342000000001]
[1.0, 4.0, 8.0, 1.0, 0.7, 0.7, 0.4, 132.2054]
[1.0, 4.0, 8.0, 1.0, 0.7, 0.7999999999999999, 0.4, 132.5]
[1.0, 4.0, 8.0, 1.0, 0.7, 0.8999999999999999, 0.4, 132.57739999999987]
[1.0, 4.0, 8.0, 1.0, 0.7, 0.9999999999999999, 0.4, 133.12159999999997]
[1.0, 4.0, 8.0, 1.0, 0.7, 0.0, 0.5, 112.69519999999997]
[1.0, 4.0, 8.0, 1.0, 0.7, 0.1, 0.5, 112.96580000000002]
[1.0, 4.0, 8.0, 1.0, 0.7, 0.2, 0.5, 117.02300000000001]
[1.0, 4.0, 8.0, 1.0, 0.7, 0.30000000000000004, 0.5, 124.27699999999999]
[1.0, 4.0, 8.0, 1.0, 0.7, 0.4, 0.5, 128.474]
[1.0, 4.0, 8.0, 1.0, 0.7, 0.5, 0.5, 131.6864]
[1.0, 4.0, 8.0, 1.0, 0.7, 0.6, 0.5, 132.25400000000002]
[1.0, 4.0, 8.0, 1.0, 0.7, 0.7, 0.5, 132.25760000000008]
[1.0, 4.0, 8.0, 1.0, 0.7, 0.7999999999999999, 0.5, 132.46580000000006]
[1.0, 4.0, 8.0, 1.0, 0.7, 0.8999999999999999, 0.5, 132.62779999999995]
[1.0, 4.0, 8.0, 1.0, 0.7, 0.9999999999999999, 0.5, 132.9512]
[1.0, 4.0, 8.0, 1.0, 0.7, 0.0, 0.6, 118.74020000000003]
[1.0, 4.0, 8.0, 1.0, 0.7, 0.1, 0.6, 121.89199999999988]
[1.0, 4.0, 8.0, 1.0, 0.7, 0.2, 0.6, 128.37800000000004]
[1.0, 4.0, 8.0, 1.0, 0.7, 0.30000000000000004, 0.6, 129.9770000000001]
[1.0, 4.0, 8.0, 1.0, 0.7, 0.4, 0.6, 131.43679999999995]
[1.0, 4.0, 8.0, 1.0, 0.7, 0.5, 0.6, 132.04640000000003]
[1.0, 4.0, 8.0, 1.0, 0.7, 0.6, 0.6, 132.18619999999999]
[1.0, 4.0, 8.0, 1.0, 0.7, 0.7, 0.6, 132.31220000000005]
[1.0, 4.0, 8.0, 1.0, 0.7, 0.7999999999999999, 0.6, 132.45199999999994]
[1.0, 4.0, 8.0, 1.0, 0.7, 0.8999999999999999, 0.6, 132.49579999999997]
[1.0, 4.0, 8.0, 1.0, 0.7, 0.9999999999999999, 0.6, 132.59479999999996]
[1.0, 4.0, 8.0, 1.0, 0.7, 0.0, 0.7, 129.74240000000003]
[1.0, 4.0, 8.0, 1.0, 0.7, 0.1, 0.7, 127.85779999999997]
[1.0, 4.0, 8.0, 1.0, 0.7, 0.2, 0.7, 131.5514]
[1.0, 4.0, 8.0, 1.0, 0.7, 0.30000000000000004, 0.7, 132.0884]
[1.0, 4.0, 8.0, 1.0, 0.7, 0.4, 0.7, 132.05720000000002]
[1.0, 4.0, 8.0, 1.0, 0.7, 0.5, 0.7, 132.27799999999993]
[1.0, 4.0, 8.0, 1.0, 0.7, 0.6, 0.7, 132.24919999999995]
[1.0, 4.0, 8.0, 1.0, 0.7, 0.7, 0.7, 132.20060000000004]
[1.0, 4.0, 8.0, 1.0, 0.7, 0.7999999999999999, 0.7, 132.38779999999997]
[1.0, 4.0, 8.0, 1.0, 0.7, 0.8999999999999999, 0.7, 132.44119999999998]
[1.0, 4.0, 8.0, 1.0, 0.7, 0.9999999999999999, 0.7, 132.46880000000002]
[1.0, 4.0, 8.0, 1.0, 0.7, 0.0, 0.7999999999999999, 131.9]
[1.0, 4.0, 8.0, 1.0, 0.7, 0.1, 0.7999999999999999, 132.0668]
[1.0, 4.0, 8.0, 1.0, 0.7, 0.2, 0.7999999999999999, 132.2192]
[1.0, 4.0, 8.0, 1.0, 0.7, 0.30000000000000004, 0.7999999999999999, 132.26000000000002]
[1.0, 4.0, 8.0, 1.0, 0.7, 0.4, 0.7999999999999999, 132.20539999999997]
[1.0, 4.0, 8.0, 1.0, 0.7, 0.5, 0.7999999999999999, 132.30920000000006]
[1.0, 4.0, 8.0, 1.0, 0.7, 0.6, 0.7999999999999999, 132.34400000000005]
[1.0, 4.0, 8.0, 1.0, 0.7, 0.7, 0.7999999999999999, 132.3758]
[1.0, 4.0, 8.0, 1.0, 0.7, 0.7999999999999999, 0.7999999999999999, 132.38780000000006]
[1.0, 4.0, 8.0, 1.0, 0.7, 0.8999999999999999, 0.7999999999999999, 132.4004]
[1.0, 4.0, 8.0, 1.0, 0.7, 0.9999999999999999, 0.7999999999999999, 132.4448]
[1.0, 4.0, 8.0, 1.0, 0.7, 0.0, 0.8999999999999999, 132.27079999999998]
[1.0, 4.0, 8.0, 1.0, 0.7, 0.1, 0.8999999999999999, 132.27439999999999]
[1.0, 4.0, 8.0, 1.0, 0.7, 0.2, 0.8999999999999999, 132.329]
[1.0, 4.0, 8.0, 1.0, 0.7, 0.30000000000000004, 0.8999999999999999, 132.19219999999996]
[1.0, 4.0, 8.0, 1.0, 0.7, 0.4, 0.8999999999999999, 132.3434]
[1.0, 4.0, 8.0, 1.0, 0.7, 0.5, 0.8999999999999999, 132.34999999999997]
[1.0, 4.0, 8.0, 1.0, 0.7, 0.6, 0.8999999999999999, 132.35119999999995]
[1.0, 4.0, 8.0, 1.0, 0.7, 0.7, 0.8999999999999999, 132.3764]
[1.0, 4.0, 8.0, 1.0, 0.7, 0.7999999999999999, 0.8999999999999999, 132.39140000000003]
[1.0, 4.0, 8.0, 1.0, 0.7, 0.8999999999999999, 0.8999999999999999, 132.4004]
[1.0, 4.0, 8.0, 1.0, 0.7, 0.9999999999999999, 0.8999999999999999, 132.40039999999996]
[1.0, 4.0, 8.0, 1.0, 0.7, 0.0, 0.9999999999999999, 132.3728]
[1.0, 4.0, 8.0, 1.0, 0.7, 0.1, 0.9999999999999999, 132.3728]
[1.0, 4.0, 8.0, 1.0, 0.7, 0.2, 0.9999999999999999, 132.3728]
[1.0, 4.0, 8.0, 1.0, 0.7, 0.30000000000000004, 0.9999999999999999, 132.3728]
[1.0, 4.0, 8.0, 1.0, 0.7, 0.4, 0.9999999999999999, 132.3728]
[1.0, 4.0, 8.0, 1.0, 0.7, 0.5, 0.9999999999999999, 132.3728]
[1.0, 4.0, 8.0, 1.0, 0.7, 0.6, 0.9999999999999999, 132.3728]
[1.0, 4.0, 8.0, 1.0, 0.7, 0.7, 0.9999999999999999, 132.3728]
[1.0, 4.0, 8.0, 1.0, 0.7, 0.7999999999999999, 0.9999999999999999, 132.3728]
[1.0, 4.0, 8.0, 1.0, 0.7, 0.8999999999999999, 0.9999999999999999, 132.3728]
[1.0, 4.0, 8.0, 1.0, 0.7, 0.9999999999999999, 0.9999999999999999, 132.3728]
[2.0, 3.0, 8.0, 1.0, 0.7, 0.0, 0.0, 109.55479999999994]
[2.0, 3.0, 8.0, 1.0, 0.7, 0.1, 0.0, 109.87099999999987]
[2.0, 3.0, 8.0, 1.0, 0.7, 0.2, 0.0, 110.3126]
[2.0, 3.0, 8.0, 1.0, 0.7, 0.30000000000000004, 0.0, 110.4506000000001]
[2.0, 3.0, 8.0, 1.0, 0.7, 0.4, 0.0, 111.97100000000002]
[2.0, 3.0, 8.0, 1.0, 0.7, 0.5, 0.0, 123.75380000000004]
[2.0, 3.0, 8.0, 1.0, 0.7, 0.6, 0.0, 137.66480000000004]
[2.0, 3.0, 8.0, 1.0, 0.7, 0.7, 0.0, 148.7648]
[2.0, 3.0, 8.0, 1.0, 0.7, 0.7999999999999999, 0.0, 155.5022]
[2.0, 3.0, 8.0, 1.0, 0.7, 0.8999999999999999, 0.0, 156.15079999999998]
[2.0, 3.0, 8.0, 1.0, 0.7, 0.9999999999999999, 0.0, 156.49220000000003]
[2.0, 3.0, 8.0, 1.0, 0.7, 0.0, 0.1, 109.8692]
[2.0, 3.0, 8.0, 1.0, 0.7, 0.1, 0.1, 110.21899999999991]
[2.0, 3.0, 8.0, 1.0, 0.7, 0.2, 0.1, 110.65879999999997]
[2.0, 3.0, 8.0, 1.0, 0.7, 0.30000000000000004, 0.1, 111.743]
[2.0, 3.0, 8.0, 1.0, 0.7, 0.4, 0.1, 120.26180000000001]
[2.0, 3.0, 8.0, 1.0, 0.7, 0.5, 0.1, 126.04759999999996]
[2.0, 3.0, 8.0, 1.0, 0.7, 0.6, 0.1, 129.20059999999998]
[2.0, 3.0, 8.0, 1.0, 0.7, 0.7, 0.1, 140.31260000000003]
[2.0, 3.0, 8.0, 1.0, 0.7, 0.7999999999999999, 0.1, 151.5152]
[2.0, 3.0, 8.0, 1.0, 0.7, 0.8999999999999999, 0.1, 155.603]
[2.0, 3.0, 8.0, 1.0, 0.7, 0.9999999999999999, 0.1, 156.13219999999998]
[2.0, 3.0, 8.0, 1.0, 0.7, 0.0, 0.2, 110.34380000000007]
[2.0, 3.0, 8.0, 1.0, 0.7, 0.1, 0.2, 110.56280000000004]
[2.0, 3.0, 8.0, 1.0, 0.7, 0.2, 0.2, 111.01400000000014]
[2.0, 3.0, 8.0, 1.0, 0.7, 0.30000000000000004, 0.2, 119.1619999999999]
[2.0, 3.0, 8.0, 1.0, 0.7, 0.4, 0.2, 123.48140000000001]
[2.0, 3.0, 8.0, 1.0, 0.7, 0.5, 0.2, 126.75440000000002]
[2.0, 3.0, 8.0, 1.0, 0.7, 0.6, 0.2, 128.0912]
[2.0, 3.0, 8.0, 1.0, 0.7, 0.7, 0.2, 134.12720000000002]
[2.0, 3.0, 8.0, 1.0, 0.7, 0.7999999999999999, 0.2, 139.68679999999995]
[2.0, 3.0, 8.0, 1.0, 0.7, 0.8999999999999999, 0.2, 150.07099999999994]
[2.0, 3.0, 8.0, 1.0, 0.7, 0.9999999999999999, 0.2, 155.74939999999998]
[2.0, 3.0, 8.0, 1.0, 0.7, 0.0, 0.30000000000000004, 111.31999999999996]
[2.0, 3.0, 8.0, 1.0, 0.7, 0.1, 0.30000000000000004, 112.66340000000015]
[2.0, 3.0, 8.0, 1.0, 0.7, 0.2, 0.30000000000000004, 118.62500000000011]
[2.0, 3.0, 8.0, 1.0, 0.7, 0.30000000000000004, 0.30000000000000004, 122.05280000000006]
[2.0, 3.0, 8.0, 1.0, 0.7, 0.4, 0.30000000000000004, 125.85200000000003]
[2.0, 3.0, 8.0, 1.0, 0.7, 0.5, 0.30000000000000004, 126.81380000000001]
[2.0, 3.0, 8.0, 1.0, 0.7, 0.6, 0.30000000000000004, 127.44199999999992]
[2.0, 3.0, 8.0, 1.0, 0.7, 0.7, 0.30000000000000004, 127.76839999999996]
[2.0, 3.0, 8.0, 1.0, 0.7, 0.7999999999999999, 0.30000000000000004, 129.11840000000004]
[2.0, 3.0, 8.0, 1.0, 0.7, 0.8999999999999999, 0.30000000000000004, 143.71880000000002]
[2.0, 3.0, 8.0, 1.0, 0.7, 0.9999999999999999, 0.30000000000000004, 147.01819999999998]
[2.0, 3.0, 8.0, 1.0, 0.7, 0.0, 0.4, 116.39120000000007]
[2.0, 3.0, 8.0, 1.0, 0.7, 0.1, 0.4, 116.62700000000005]
[2.0, 3.0, 8.0, 1.0, 0.7, 0.2, 0.4, 124.05199999999992]
[2.0, 3.0, 8.0, 1.0, 0.7, 0.30000000000000004, 0.4, 125.76859999999995]
[2.0, 3.0, 8.0, 1.0, 0.7, 0.4, 0.4, 126.63380000000004]
[2.0, 3.0, 8.0, 1.0, 0.7, 0.5, 0.4, 126.76699999999992]
[2.0, 3.0, 8.0, 1.0, 0.7, 0.6, 0.4, 126.86059999999995]
[2.0, 3.0, 8.0, 1.0, 0.7, 0.7, 0.4, 127.22540000000001]
[2.0, 3.0, 8.0, 1.0, 0.7, 0.7999999999999999, 0.4, 127.29620000000001]
[2.0, 3.0, 8.0, 1.0, 0.7, 0.8999999999999999, 0.4, 128.50100000000006]
[2.0, 3.0, 8.0, 1.0, 0.7, 0.9999999999999999, 0.4, 133.12999999999997]
[2.0, 3.0, 8.0, 1.0, 0.7, 0.0, 0.5, 122.60360000000001]
[2.0, 3.0, 8.0, 1.0, 0.7, 0.1, 0.5, 123.06500000000003]
[2.0, 3.0, 8.0, 1.0, 0.7, 0.2, 0.5, 125.9966]
[2.0, 3.0, 8.0, 1.0, 0.7, 0.30000000000000004, 0.5, 126.4598]
[2.0, 3.0, 8.0, 1.0, 0.7, 0.4, 0.5, 126.65719999999996]
[2.0, 3.0, 8.0, 1.0, 0.7, 0.5, 0.5, 126.73459999999996]
[2.0, 3.0, 8.0, 1.0, 0.7, 0.6, 0.5, 126.79519999999994]
[2.0, 3.0, 8.0, 1.0, 0.7, 0.7, 0.5, 127.33700000000003]
[2.0, 3.0, 8.0, 1.0, 0.7, 0.7999999999999999, 0.5, 127.13420000000004]
[2.0, 3.0, 8.0, 1.0, 0.7, 0.8999999999999999, 0.5, 128.18959999999993]
[2.0, 3.0, 8.0, 1.0, 0.7, 0.9999999999999999, 0.5, 127.4564]
[2.0, 3.0, 8.0, 1.0, 0.7, 0.0, 0.6, 126.14480000000002]
[2.0, 3.0, 8.0, 1.0, 0.7, 0.1, 0.6, 126.43580000000003]
[2.0, 3.0, 8.0, 1.0, 0.7, 0.2, 0.6, 126.49099999999997]
[2.0, 3.0, 8.0, 1.0, 0.7, 0.30000000000000004, 0.6, 126.61819999999997]
[2.0, 3.0, 8.0, 1.0, 0.7, 0.4, 0.6, 126.68960000000008]
[2.0, 3.0, 8.0, 1.0, 0.7, 0.5, 0.6, 126.79639999999999]
[2.0, 3.0, 8.0, 1.0, 0.7, 0.6, 0.6, 126.8174]
[2.0, 3.0, 8.0, 1.0, 0.7, 0.7, 0.6, 126.92120000000001]
[2.0, 3.0, 8.0, 1.0, 0.7, 0.7999999999999999, 0.6, 126.91760000000002]
[2.0, 3.0, 8.0, 1.0, 0.7, 0.8999999999999999, 0.6, 127.28120000000003]
[2.0, 3.0, 8.0, 1.0, 0.7, 0.9999999999999999, 0.6, 127.04540000000007]
[2.0, 3.0, 8.0, 1.0, 0.7, 0.0, 0.7, 126.50239999999995]
[2.0, 3.0, 8.0, 1.0, 0.7, 0.1, 0.7, 126.58460000000001]
[2.0, 3.0, 8.0, 1.0, 0.7, 0.2, 0.7, 126.60740000000006]
[2.0, 3.0, 8.0, 1.0, 0.7, 0.30000000000000004, 0.7, 126.67219999999993]
[2.0, 3.0, 8.0, 1.0, 0.7, 0.4, 0.7, 126.73819999999989]
[2.0, 3.0, 8.0, 1.0, 0.7, 0.5, 0.7, 126.78019999999991]
[2.0, 3.0, 8.0, 1.0, 0.7, 0.6, 0.7, 126.79340000000006]
[2.0, 3.0, 8.0, 1.0, 0.7, 0.7, 0.7, 126.86899999999994]
[2.0, 3.0, 8.0, 1.0, 0.7, 0.7999999999999999, 0.7, 126.83779999999996]
[2.0, 3.0, 8.0, 1.0, 0.7, 0.8999999999999999, 0.7, 126.93079999999989]
[2.0, 3.0, 8.0, 1.0, 0.7, 0.9999999999999999, 0.7, 127.02079999999992]
[2.0, 3.0, 8.0, 1.0, 0.7, 0.0, 0.7999999999999999, 126.64219999999999]
[2.0, 3.0, 8.0, 1.0, 0.7, 0.1, 0.7999999999999999, 126.6601999999999]
[2.0, 3.0, 8.0, 1.0, 0.7, 0.2, 0.7999999999999999, 126.6944]
[2.0, 3.0, 8.0, 1.0, 0.7, 0.30000000000000004, 0.7999999999999999, 126.74179999999991]
[2.0, 3.0, 8.0, 1.0, 0.7, 0.4, 0.7999999999999999, 126.7328]
[2.0, 3.0, 8.0, 1.0, 0.7, 0.5, 0.7999999999999999, 126.72739999999993]
[2.0, 3.0, 8.0, 1.0, 0.7, 0.6, 0.7999999999999999, 126.93439999999998]
[2.0, 3.0, 8.0, 1.0, 0.7, 0.7, 0.7999999999999999, 126.80359999999995]
[2.0, 3.0, 8.0, 1.0, 0.7, 0.7999999999999999, 0.7999999999999999, 126.8114]
[2.0, 3.0, 8.0, 1.0, 0.7, 0.8999999999999999, 0.7999999999999999, 126.84559999999998]
[2.0, 3.0, 8.0, 1.0, 0.7, 0.9999999999999999, 0.7999999999999999, 126.83539999999995]
[2.0, 3.0, 8.0, 1.0, 0.7, 0.0, 0.8999999999999999, 126.70039999999996]
[2.0, 3.0, 8.0, 1.0, 0.7, 0.1, 0.8999999999999999, 126.71539999999995]
[2.0, 3.0, 8.0, 1.0, 0.7, 0.2, 0.8999999999999999, 126.74479999999998]
[2.0, 3.0, 8.0, 1.0, 0.7, 0.30000000000000004, 0.8999999999999999, 126.74959999999994]
[2.0, 3.0, 8.0, 1.0, 0.7, 0.4, 0.8999999999999999, 126.72739999999999]
[2.0, 3.0, 8.0, 1.0, 0.7, 0.5, 0.8999999999999999, 126.74059999999997]
[2.0, 3.0, 8.0, 1.0, 0.7, 0.6, 0.8999999999999999, 126.78619999999992]
[2.0, 3.0, 8.0, 1.0, 0.7, 0.7, 0.8999999999999999, 126.75919999999994]
[2.0, 3.0, 8.0, 1.0, 0.7, 0.7999999999999999, 0.8999999999999999, 126.77779999999994]
[2.0, 3.0, 8.0, 1.0, 0.7, 0.8999999999999999, 0.8999999999999999, 126.77839999999998]
[2.0, 3.0, 8.0, 1.0, 0.7, 0.9999999999999999, 0.8999999999999999, 126.8102]
[2.0, 3.0, 8.0, 1.0, 0.7, 0.0, 0.9999999999999999, 126.75259999999996]
[2.0, 3.0, 8.0, 1.0, 0.7, 0.1, 0.9999999999999999, 126.75259999999996]
[2.0, 3.0, 8.0, 1.0, 0.7, 0.2, 0.9999999999999999, 126.75259999999996]
[2.0, 3.0, 8.0, 1.0, 0.7, 0.30000000000000004, 0.9999999999999999, 126.75259999999996]
[2.0, 3.0, 8.0, 1.0, 0.7, 0.4, 0.9999999999999999, 126.75259999999996]
[2.0, 3.0, 8.0, 1.0, 0.7, 0.5, 0.9999999999999999, 126.75259999999996]
[2.0, 3.0, 8.0, 1.0, 0.7, 0.6, 0.9999999999999999, 126.75259999999996]
[2.0, 3.0, 8.0, 1.0, 0.7, 0.7, 0.9999999999999999, 126.75259999999996]
[2.0, 3.0, 8.0, 1.0, 0.7, 0.7999999999999999, 0.9999999999999999, 126.75259999999996]
[2.0, 3.0, 8.0, 1.0, 0.7, 0.8999999999999999, 0.9999999999999999, 126.75259999999996]
[2.0, 3.0, 8.0, 1.0, 0.7, 0.9999999999999999, 0.9999999999999999, 126.75259999999996]
[3.0, 2.0, 8.0, 1.0, 0.7, 0.0, 0.0, 109.55479999999994]
[3.0, 2.0, 8.0, 1.0, 0.7, 0.1, 0.0, 109.98980000000007]
[3.0, 2.0, 8.0, 1.0, 0.7, 0.2, 0.0, 110.30180000000001]
[3.0, 2.0, 8.0, 1.0, 0.7, 0.30000000000000004, 0.0, 114.77599999999987]
[3.0, 2.0, 8.0, 1.0, 0.7, 0.4, 0.0, 132.75259999999997]
[3.0, 2.0, 8.0, 1.0, 0.7, 0.5, 0.0, 143.27719999999997]
[3.0, 2.0, 8.0, 1.0, 0.7, 0.6, 0.0, 154.35499999999996]
[3.0, 2.0, 8.0, 1.0, 0.7, 0.7, 0.0, 155.21120000000002]
[3.0, 2.0, 8.0, 1.0, 0.7, 0.7999999999999999, 0.0, 155.96359999999999]
[3.0, 2.0, 8.0, 1.0, 0.7, 0.8999999999999999, 0.0, 156.236]
[3.0, 2.0, 8.0, 1.0, 0.7, 0.9999999999999999, 0.0, 156.49220000000003]
[3.0, 2.0, 8.0, 1.0, 0.7, 0.0, 0.1, 109.89020000000002]
[3.0, 2.0, 8.0, 1.0, 0.7, 0.1, 0.1, 110.23880000000017]
[3.0, 2.0, 8.0, 1.0, 0.7, 0.2, 0.1, 110.76799999999986]
[3.0, 2.0, 8.0, 1.0, 0.7, 0.30000000000000004, 0.1, 121.37480000000004]
[3.0, 2.0, 8.0, 1.0, 0.7, 0.4, 0.1, 122.67259999999995]
[3.0, 2.0, 8.0, 1.0, 0.7, 0.5, 0.1, 136.9958000000001]
[3.0, 2.0, 8.0, 1.0, 0.7, 0.6, 0.1, 145.8158]
[3.0, 2.0, 8.0, 1.0, 0.7, 0.7, 0.1, 154.5902]
[3.0, 2.0, 8.0, 1.0, 0.7, 0.7999999999999999, 0.1, 155.62820000000002]
[3.0, 2.0, 8.0, 1.0, 0.7, 0.8999999999999999, 0.1, 155.87659999999997]
[3.0, 2.0, 8.0, 1.0, 0.7, 0.9999999999999999, 0.1, 156.24919999999997]
[3.0, 2.0, 8.0, 1.0, 0.7, 0.0, 0.2, 110.3053999999999]
[3.0, 2.0, 8.0, 1.0, 0.7, 0.1, 0.2, 112.83859999999999]
[3.0, 2.0, 8.0, 1.0, 0.7, 0.2, 0.2, 119.91379999999998]
[3.0, 2.0, 8.0, 1.0, 0.7, 0.30000000000000004, 0.2, 121.04540000000013]
[3.0, 2.0, 8.0, 1.0, 0.7, 0.4, 0.2, 122.74040000000005]
[3.0, 2.0, 8.0, 1.0, 0.7, 0.5, 0.2, 129.07879999999994]
[3.0, 2.0, 8.0, 1.0, 0.7, 0.6, 0.2, 141.962]
[3.0, 2.0, 8.0, 1.0, 0.7, 0.7, 0.2, 148.50920000000002]
[3.0, 2.0, 8.0, 1.0, 0.7, 0.7999999999999999, 0.2, 155.18839999999997]
[3.0, 2.0, 8.0, 1.0, 0.7, 0.8999999999999999, 0.2, 155.52740000000003]
[3.0, 2.0, 8.0, 1.0, 0.7, 0.9999999999999999, 0.2, 155.8868]
[3.0, 2.0, 8.0, 1.0, 0.7, 0.0, 0.30000000000000004, 113.73500000000003]
[3.0, 2.0, 8.0, 1.0, 0.7, 0.1, 0.30000000000000004, 118.19059999999996]
[3.0, 2.0, 8.0, 1.0, 0.7, 0.2, 0.30000000000000004, 120.79820000000008]
[3.0, 2.0, 8.0, 1.0, 0.7, 0.30000000000000004, 0.30000000000000004, 121.02379999999997]
[3.0, 2.0, 8.0, 1.0, 0.7, 0.4, 0.30000000000000004, 121.52900000000007]
[3.0, 2.0, 8.0, 1.0, 0.7, 0.5, 0.30000000000000004, 121.83019999999988]
[3.0, 2.0, 8.0, 1.0, 0.7, 0.6, 0.30000000000000004, 128.60419999999993]
[3.0, 2.0, 8.0, 1.0, 0.7, 0.7, 0.30000000000000004, 143.92880000000002]
[3.0, 2.0, 8.0, 1.0, 0.7, 0.7999999999999999, 0.30000000000000004, 149.861]
[3.0, 2.0, 8.0, 1.0, 0.7, 0.8999999999999999, 0.30000000000000004, 154.2416]
[3.0, 2.0, 8.0, 1.0, 0.7, 0.9999999999999999, 0.30000000000000004, 155.57119999999998]
[3.0, 2.0, 8.0, 1.0, 0.7, 0.0, 0.4, 120.0313999999999]
[3.0, 2.0, 8.0, 1.0, 0.7, 0.1, 0.4, 120.57559999999988]
[3.0, 2.0, 8.0, 1.0, 0.7, 0.2, 0.4, 121.10419999999993]
[3.0, 2.0, 8.0, 1.0, 0.7, 0.30000000000000004, 0.4, 121.10120000000003]
[3.0, 2.0, 8.0, 1.0, 0.7, 0.4, 0.4, 121.23320000000002]
[3.0, 2.0, 8.0, 1.0, 0.7, 0.5, 0.4, 121.85719999999999]
[3.0, 2.0, 8.0, 1.0, 0.7, 0.6, 0.4, 125.25439999999993]
[3.0, 2.0, 8.0, 1.0, 0.7, 0.7, 0.4, 124.33759999999998]
[3.0, 2.0, 8.0, 1.0, 0.7, 0.7999999999999999, 0.4, 142.08679999999993]
[3.0, 2.0, 8.0, 1.0, 0.7, 0.8999999999999999, 0.4, 148.00639999999996]
[3.0, 2.0, 8.0, 1.0, 0.7, 0.9999999999999999, 0.4, 150.44060000000002]
[3.0, 2.0, 8.0, 1.0, 0.7, 0.0, 0.5, 120.59719999999992]
[3.0, 2.0, 8.0, 1.0, 0.7, 0.1, 0.5, 120.94579999999995]
[3.0, 2.0, 8.0, 1.0, 0.7, 0.2, 0.5, 121.01779999999998]
[3.0, 2.0, 8.0, 1.0, 0.7, 0.30000000000000004, 0.5, 121.21400000000007]
[3.0, 2.0, 8.0, 1.0, 0.7, 0.4, 0.5, 121.62439999999995]
[3.0, 2.0, 8.0, 1.0, 0.7, 0.5, 0.5, 121.45399999999994]
[3.0, 2.0, 8.0, 1.0, 0.7, 0.6, 0.5, 121.65140000000007]
[3.0, 2.0, 8.0, 1.0, 0.7, 0.7, 0.5, 124.40480000000011]
[3.0, 2.0, 8.0, 1.0, 0.7, 0.7999999999999999, 0.5, 134.07440000000014]
[3.0, 2.0, 8.0, 1.0, 0.7, 0.8999999999999999, 0.5, 130.86380000000003]
[3.0, 2.0, 8.0, 1.0, 0.7, 0.9999999999999999, 0.5, 141.87799999999993]
[3.0, 2.0, 8.0, 1.0, 0.7, 0.0, 0.6, 120.9272000000001]
[3.0, 2.0, 8.0, 1.0, 0.7, 0.1, 0.6, 121.01480000000002]
[3.0, 2.0, 8.0, 1.0, 0.7, 0.2, 0.6, 121.03700000000015]
[3.0, 2.0, 8.0, 1.0, 0.7, 0.30000000000000004, 0.6, 121.10839999999996]
[3.0, 2.0, 8.0, 1.0, 0.7, 0.4, 0.6, 121.10119999999996]
[3.0, 2.0, 8.0, 1.0, 0.7, 0.5, 0.6, 121.35379999999996]
[3.0, 2.0, 8.0, 1.0, 0.7, 0.6, 0.6, 121.51640000000006]
[3.0, 2.0, 8.0, 1.0, 0.7, 0.7, 0.6, 121.69580000000009]
[3.0, 2.0, 8.0, 1.0, 0.7, 0.7999999999999999, 0.6, 121.94479999999993]
[3.0, 2.0, 8.0, 1.0, 0.7, 0.8999999999999999, 0.6, 122.81000000000012]
[3.0, 2.0, 8.0, 1.0, 0.7, 0.9999999999999999, 0.6, 130.35259999999997]
[3.0, 2.0, 8.0, 1.0, 0.7, 0.0, 0.7, 121.00100000000008]
[3.0, 2.0, 8.0, 1.0, 0.7, 0.1, 0.7, 121.03580000000007]
[3.0, 2.0, 8.0, 1.0, 0.7, 0.2, 0.7, 121.04719999999996]
[3.0, 2.0, 8.0, 1.0, 0.7, 0.30000000000000004, 0.7, 121.07540000000012]
[3.0, 2.0, 8.0, 1.0, 0.7, 0.4, 0.7, 121.12820000000009]
[3.0, 2.0, 8.0, 1.0, 0.7, 0.5, 0.7, 121.1630000000002]
[3.0, 2.0, 8.0, 1.0, 0.7, 0.6, 0.7, 121.54879999999993]
[3.0, 2.0, 8.0, 1.0, 0.7, 0.7, 0.7, 121.22420000000005]
[3.0, 2.0, 8.0, 1.0, 0.7, 0.7999999999999999, 0.7, 121.40360000000011]
[3.0, 2.0, 8.0, 1.0, 0.7, 0.8999999999999999, 0.7, 121.63819999999983]
[3.0, 2.0, 8.0, 1.0, 0.7, 0.9999999999999999, 0.7, 121.496]
[3.0, 2.0, 8.0, 1.0, 0.7, 0.0, 0.7999999999999999, 121.02740000000007]
[3.0, 2.0, 8.0, 1.0, 0.7, 0.1, 0.7999999999999999, 121.05080000000004]
[3.0, 2.0, 8.0, 1.0, 0.7, 0.2, 0.7999999999999999, 121.0712]
[3.0, 2.0, 8.0, 1.0, 0.7, 0.30000000000000004, 0.7999999999999999, 121.08740000000002]
[3.0, 2.0, 8.0, 1.0, 0.7, 0.4, 0.7999999999999999, 121.10720000000003]
[3.0, 2.0, 8.0, 1.0, 0.7, 0.5, 0.7999999999999999, 121.14620000000008]
[3.0, 2.0, 8.0, 1.0, 0.7, 0.6, 0.7999999999999999, 121.16899999999998]
[3.0, 2.0, 8.0, 1.0, 0.7, 0.7, 0.7999999999999999, 121.32919999999997]
[3.0, 2.0, 8.0, 1.0, 0.7, 0.7999999999999999, 0.7999999999999999, 121.21879999999999]
[3.0, 2.0, 8.0, 1.0, 0.7, 0.8999999999999999, 0.7999999999999999, 121.2392]
[3.0, 2.0, 8.0, 1.0, 0.7, 0.9999999999999999, 0.7999999999999999, 121.38079999999988]
[3.0, 2.0, 8.0, 1.0, 0.7, 0.0, 0.8999999999999999, 121.05260000000006]
[3.0, 2.0, 8.0, 1.0, 0.7, 0.1, 0.8999999999999999, 121.06280000000004]
[3.0, 2.0, 8.0, 1.0, 0.7, 0.2, 0.8999999999999999, 121.07419999999998]
[3.0, 2.0, 8.0, 1.0, 0.7, 0.30000000000000004, 0.8999999999999999, 121.07000000000005]
[3.0, 2.0, 8.0, 1.0, 0.7, 0.4, 0.8999999999999999, 121.09100000000004]
[3.0, 2.0, 8.0, 1.0, 0.7, 0.5, 0.8999999999999999, 121.08680000000003]
[3.0, 2.0, 8.0, 1.0, 0.7, 0.6, 0.8999999999999999, 121.11440000000007]
[3.0, 2.0, 8.0, 1.0, 0.7, 0.7, 0.8999999999999999, 121.24820000000001]
[3.0, 2.0, 8.0, 1.0, 0.7, 0.7999999999999999, 0.8999999999999999, 121.14799999999997]
[3.0, 2.0, 8.0, 1.0, 0.7, 0.8999999999999999, 0.8999999999999999, 121.1714]
[3.0, 2.0, 8.0, 1.0, 0.7, 0.9999999999999999, 0.8999999999999999, 121.26320000000014]
[3.0, 2.0, 8.0, 1.0, 0.7, 0.0, 0.9999999999999999, 121.07540000000007]
[3.0, 2.0, 8.0, 1.0, 0.7, 0.1, 0.9999999999999999, 121.07540000000007]
[3.0, 2.0, 8.0, 1.0, 0.7, 0.2, 0.9999999999999999, 121.07540000000007]
[3.0, 2.0, 8.0, 1.0, 0.7, 0.30000000000000004, 0.9999999999999999, 121.07540000000007]
[3.0, 2.0, 8.0, 1.0, 0.7, 0.4, 0.9999999999999999, 121.07540000000007]
[3.0, 2.0, 8.0, 1.0, 0.7, 0.5, 0.9999999999999999, 121.07540000000007]
[3.0, 2.0, 8.0, 1.0, 0.7, 0.6, 0.9999999999999999, 121.07540000000007]
[3.0, 2.0, 8.0, 1.0, 0.7, 0.7, 0.9999999999999999, 121.07540000000007]
[3.0, 2.0, 8.0, 1.0, 0.7, 0.7999999999999999, 0.9999999999999999, 121.07540000000007]
[3.0, 2.0, 8.0, 1.0, 0.7, 0.8999999999999999, 0.9999999999999999, 121.07540000000007]
[3.0, 2.0, 8.0, 1.0, 0.7, 0.9999999999999999, 0.9999999999999999, 121.07540000000007]
[4.0, 1.0, 8.0, 1.0, 0.7, 0.0, 0.0, 109.55539999999993]
[4.0, 1.0, 8.0, 1.0, 0.7, 0.1, 0.0, 110.25559999999994]
[4.0, 1.0, 8.0, 1.0, 0.7, 0.2, 0.0, 120.8089999999999]
[4.0, 1.0, 8.0, 1.0, 0.7, 0.30000000000000004, 0.0, 136.27819999999994]
[4.0, 1.0, 8.0, 1.0, 0.7, 0.4, 0.0, 143.7782]
[4.0, 1.0, 8.0, 1.0, 0.7, 0.5, 0.0, 152.70620000000002]
[4.0, 1.0, 8.0, 1.0, 0.7, 0.6, 0.0, 155.2406]
[4.0, 1.0, 8.0, 1.0, 0.7, 0.7, 0.0, 155.6006]
[4.0, 1.0, 8.0, 1.0, 0.7, 0.7999999999999999, 0.0, 155.84539999999998]
[4.0, 1.0, 8.0, 1.0, 0.7, 0.8999999999999999, 0.0, 156.1778]
[4.0, 1.0, 8.0, 1.0, 0.7, 0.9999999999999999, 0.0, 156.4952]
[4.0, 1.0, 8.0, 1.0, 0.7, 0.0, 0.1, 110.0575999999999]
[4.0, 1.0, 8.0, 1.0, 0.7, 0.1, 0.1, 115.30940000000002]
[4.0, 1.0, 8.0, 1.0, 0.7, 0.2, 0.1, 117.57979999999995]
[4.0, 1.0, 8.0, 1.0, 0.7, 0.30000000000000004, 0.1, 136.71320000000006]
[4.0, 1.0, 8.0, 1.0, 0.7, 0.4, 0.1, 139.2308]
[4.0, 1.0, 8.0, 1.0, 0.7, 0.5, 0.1, 149.9366]
[4.0, 1.0, 8.0, 1.0, 0.7, 0.6, 0.1, 152.88440000000003]
[4.0, 1.0, 8.0, 1.0, 0.7, 0.7, 0.1, 155.52259999999998]
[4.0, 1.0, 8.0, 1.0, 0.7, 0.7999999999999999, 0.1, 155.699]
[4.0, 1.0, 8.0, 1.0, 0.7, 0.8999999999999999, 0.1, 155.90659999999997]
[4.0, 1.0, 8.0, 1.0, 0.7, 0.9999999999999999, 0.1, 156.2582]
[4.0, 1.0, 8.0, 1.0, 0.7, 0.0, 0.2, 114.5822]
[4.0, 1.0, 8.0, 1.0, 0.7, 0.1, 0.2, 115.26680000000009]
[4.0, 1.0, 8.0, 1.0, 0.7, 0.2, 0.2, 116.20340000000009]
[4.0, 1.0, 8.0, 1.0, 0.7, 0.30000000000000004, 0.2, 126.57440000000001]
[4.0, 1.0, 8.0, 1.0, 0.7, 0.4, 0.2, 136.8884]
[4.0, 1.0, 8.0, 1.0, 0.7, 0.5, 0.2, 146.2124]
[4.0, 1.0, 8.0, 1.0, 0.7, 0.6, 0.2, 152.3054]
[4.0, 1.0, 8.0, 1.0, 0.7, 0.7, 0.2, 154.72999999999996]
[4.0, 1.0, 8.0, 1.0, 0.7, 0.7999999999999999, 0.2, 155.38159999999996]
[4.0, 1.0, 8.0, 1.0, 0.7, 0.8999999999999999, 0.2, 155.76739999999998]
[4.0, 1.0, 8.0, 1.0, 0.7, 0.9999999999999999, 0.2, 155.9516]
[4.0, 1.0, 8.0, 1.0, 0.7, 0.0, 0.30000000000000004, 115.1828]
[4.0, 1.0, 8.0, 1.0, 0.7, 0.1, 0.30000000000000004, 115.43599999999992]
[4.0, 1.0, 8.0, 1.0, 0.7, 0.2, 0.30000000000000004, 116.47880000000004]
[4.0, 1.0, 8.0, 1.0, 0.7, 0.30000000000000004, 0.30000000000000004, 120.05660000000003]
[4.0, 1.0, 8.0, 1.0, 0.7, 0.4, 0.30000000000000004, 135.10639999999995]
[4.0, 1.0, 8.0, 1.0, 0.7, 0.5, 0.30000000000000004, 141.2774]
[4.0, 1.0, 8.0, 1.0, 0.7, 0.6, 0.30000000000000004, 150.0848]
[4.0, 1.0, 8.0, 1.0, 0.7, 0.7, 0.30000000000000004, 154.1078]
[4.0, 1.0, 8.0, 1.0, 0.7, 0.7999999999999999, 0.30000000000000004, 155.00240000000002]
[4.0, 1.0, 8.0, 1.0, 0.7, 0.8999999999999999, 0.30000000000000004, 155.12120000000002]
[4.0, 1.0, 8.0, 1.0, 0.7, 0.9999999999999999, 0.30000000000000004, 155.61079999999995]
[4.0, 1.0, 8.0, 1.0, 0.7, 0.0, 0.4, 115.24759999999998]
[4.0, 1.0, 8.0, 1.0, 0.7, 0.1, 0.4, 115.38980000000006]
[4.0, 1.0, 8.0, 1.0, 0.7, 0.2, 0.4, 115.55959999999996]
[4.0, 1.0, 8.0, 1.0, 0.7, 0.30000000000000004, 0.4, 121.41740000000009]
[4.0, 1.0, 8.0, 1.0, 0.7, 0.4, 0.4, 124.17560000000002]
[4.0, 1.0, 8.0, 1.0, 0.7, 0.5, 0.4, 136.27039999999997]
[4.0, 1.0, 8.0, 1.0, 0.7, 0.6, 0.4, 143.19920000000002]
[4.0, 1.0, 8.0, 1.0, 0.7, 0.7, 0.4, 147.75500000000005]
[4.0, 1.0, 8.0, 1.0, 0.7, 0.7999999999999999, 0.4, 151.08559999999997]
[4.0, 1.0, 8.0, 1.0, 0.7, 0.8999999999999999, 0.4, 154.36339999999998]
[4.0, 1.0, 8.0, 1.0, 0.7, 0.9999999999999999, 0.4, 155.24899999999997]
[4.0, 1.0, 8.0, 1.0, 0.7, 0.0, 0.5, 115.28119999999997]
[4.0, 1.0, 8.0, 1.0, 0.7, 0.1, 0.5, 115.34659999999994]
[4.0, 1.0, 8.0, 1.0, 0.7, 0.2, 0.5, 115.64840000000007]
[4.0, 1.0, 8.0, 1.0, 0.7, 0.30000000000000004, 0.5, 115.5787999999999]
[4.0, 1.0, 8.0, 1.0, 0.7, 0.4, 0.5, 119.30599999999997]
[4.0, 1.0, 8.0, 1.0, 0.7, 0.5, 0.5, 126.15259999999998]
[4.0, 1.0, 8.0, 1.0, 0.7, 0.6, 0.5, 128.28979999999999]
[4.0, 1.0, 8.0, 1.0, 0.7, 0.7, 0.5, 142.0418]
[4.0, 1.0, 8.0, 1.0, 0.7, 0.7999999999999999, 0.5, 146.3318]
[4.0, 1.0, 8.0, 1.0, 0.7, 0.8999999999999999, 0.5, 149.10979999999998]
[4.0, 1.0, 8.0, 1.0, 0.7, 0.9999999999999999, 0.5, 153.5732]
[4.0, 1.0, 8.0, 1.0, 0.7, 0.0, 0.6, 115.30040000000007]
[4.0, 1.0, 8.0, 1.0, 0.7, 0.1, 0.6, 115.31899999999996]
[4.0, 1.0, 8.0, 1.0, 0.7, 0.2, 0.6, 115.46899999999994]
[4.0, 1.0, 8.0, 1.0, 0.7, 0.30000000000000004, 0.6, 115.56140000000005]
[4.0, 1.0, 8.0, 1.0, 0.7, 0.4, 0.6, 116.36600000000006]
[4.0, 1.0, 8.0, 1.0, 0.7, 0.5, 0.6, 124.00520000000002]
[4.0, 1.0, 8.0, 1.0, 0.7, 0.6, 0.6, 124.72699999999995]
[4.0, 1.0, 8.0, 1.0, 0.7, 0.7, 0.6, 131.34739999999996]
[4.0, 1.0, 8.0, 1.0, 0.7, 0.7999999999999999, 0.6, 141.77720000000002]
[4.0, 1.0, 8.0, 1.0, 0.7, 0.8999999999999999, 0.6, 143.32639999999998]
[4.0, 1.0, 8.0, 1.0, 0.7, 0.9999999999999999, 0.6, 141.90079999999998]
[4.0, 1.0, 8.0, 1.0, 0.7, 0.0, 0.7, 115.31419999999999]
[4.0, 1.0, 8.0, 1.0, 0.7, 0.1, 0.7, 115.33519999999993]
[4.0, 1.0, 8.0, 1.0, 0.7, 0.2, 0.7, 115.40299999999988]
[4.0, 1.0, 8.0, 1.0, 0.7, 0.30000000000000004, 0.7, 115.4767999999999]
[4.0, 1.0, 8.0, 1.0, 0.7, 0.4, 0.7, 115.754]
[4.0, 1.0, 8.0, 1.0, 0.7, 0.5, 0.7, 115.87880000000006]
[4.0, 1.0, 8.0, 1.0, 0.7, 0.6, 0.7, 117.71180000000001]
[4.0, 1.0, 8.0, 1.0, 0.7, 0.7, 0.7, 122.08759999999995]
[4.0, 1.0, 8.0, 1.0, 0.7, 0.7999999999999999, 0.7, 122.4578]
[4.0, 1.0, 8.0, 1.0, 0.7, 0.8999999999999999, 0.7, 127.52059999999996]
[4.0, 1.0, 8.0, 1.0, 0.7, 0.9999999999999999, 0.7, 135.3932]
[4.0, 1.0, 8.0, 1.0, 0.7, 0.0, 0.7999999999999999, 115.33099999999996]
[4.0, 1.0, 8.0, 1.0, 0.7, 0.1, 0.7999999999999999, 115.33760000000001]
[4.0, 1.0, 8.0, 1.0, 0.7, 0.2, 0.7999999999999999, 115.39219999999997]
[4.0, 1.0, 8.0, 1.0, 0.7, 0.30000000000000004, 0.7999999999999999, 115.36399999999999]
[4.0, 1.0, 8.0, 1.0, 0.7, 0.4, 0.7999999999999999, 115.41260000000007]
[4.0, 1.0, 8.0, 1.0, 0.7, 0.5, 0.7999999999999999, 115.61119999999997]
[4.0, 1.0, 8.0, 1.0, 0.7, 0.6, 0.7999999999999999, 115.53799999999993]
[4.0, 1.0, 8.0, 1.0, 0.7, 0.7, 0.7999999999999999, 115.89139999999998]
[4.0, 1.0, 8.0, 1.0, 0.7, 0.7999999999999999, 0.7999999999999999, 116.20280000000005]
[4.0, 1.0, 8.0, 1.0, 0.7, 0.8999999999999999, 0.7999999999999999, 116.77940000000005]
[4.0, 1.0, 8.0, 1.0, 0.7, 0.9999999999999999, 0.7999999999999999, 123.24140000000004]
[4.0, 1.0, 8.0, 1.0, 0.7, 0.0, 0.8999999999999999, 115.32979999999998]
[4.0, 1.0, 8.0, 1.0, 0.7, 0.1, 0.8999999999999999, 115.35739999999998]
[4.0, 1.0, 8.0, 1.0, 0.7, 0.2, 0.8999999999999999, 115.36519999999994]
[4.0, 1.0, 8.0, 1.0, 0.7, 0.30000000000000004, 0.8999999999999999, 115.39100000000002]
[4.0, 1.0, 8.0, 1.0, 0.7, 0.4, 0.8999999999999999, 115.36639999999997]
[4.0, 1.0, 8.0, 1.0, 0.7, 0.5, 0.8999999999999999, 115.42160000000004]
[4.0, 1.0, 8.0, 1.0, 0.7, 0.6, 0.8999999999999999, 115.3904]
[4.0, 1.0, 8.0, 1.0, 0.7, 0.7, 0.8999999999999999, 115.51880000000003]
[4.0, 1.0, 8.0, 1.0, 0.7, 0.7999999999999999, 0.8999999999999999, 115.4648]
[4.0, 1.0, 8.0, 1.0, 0.7, 0.8999999999999999, 0.8999999999999999, 115.59319999999997]
[4.0, 1.0, 8.0, 1.0, 0.7, 0.9999999999999999, 0.8999999999999999, 115.59620000000004]
[4.0, 1.0, 8.0, 1.0, 0.7, 0.0, 0.9999999999999999, 115.33879999999999]
[4.0, 1.0, 8.0, 1.0, 0.7, 0.1, 0.9999999999999999, 115.33879999999999]
[4.0, 1.0, 8.0, 1.0, 0.7, 0.2, 0.9999999999999999, 115.33879999999999]
[4.0, 1.0, 8.0, 1.0, 0.7, 0.30000000000000004, 0.9999999999999999, 115.33879999999999]
[4.0, 1.0, 8.0, 1.0, 0.7, 0.4, 0.9999999999999999, 115.33879999999999]
[4.0, 1.0, 8.0, 1.0, 0.7, 0.5, 0.9999999999999999, 115.33879999999999]
[4.0, 1.0, 8.0, 1.0, 0.7, 0.6, 0.9999999999999999, 115.33879999999999]
[4.0, 1.0, 8.0, 1.0, 0.7, 0.7, 0.9999999999999999, 115.33879999999999]
[4.0, 1.0, 8.0, 1.0, 0.7, 0.7999999999999999, 0.9999999999999999, 115.33879999999999]
[4.0, 1.0, 8.0, 1.0, 0.7, 0.8999999999999999, 0.9999999999999999, 115.33879999999999]
[4.0, 1.0, 8.0, 1.0, 0.7, 0.9999999999999999, 0.9999999999999999, 115.33879999999999]
[5.0, 0.0, 8.0, 1.0, 0.7, 0.0, 0.0, 109.55000000000003]
[5.0, 0.0, 8.0, 1.0, 0.7, 0.1, 0.0, 123.50119999999998]
[5.0, 0.0, 8.0, 1.0, 0.7, 0.2, 0.0, 135.39740000000003]
[5.0, 0.0, 8.0, 1.0, 0.7, 0.30000000000000004, 0.0, 149.357]
[5.0, 0.0, 8.0, 1.0, 0.7, 0.4, 0.0, 154.3496]
[5.0, 0.0, 8.0, 1.0, 0.7, 0.5, 0.0, 155.1716]
[5.0, 0.0, 8.0, 1.0, 0.7, 0.6, 0.0, 155.34980000000002]
[5.0, 0.0, 8.0, 1.0, 0.7, 0.7, 0.0, 155.62159999999997]
[5.0, 0.0, 8.0, 1.0, 0.7, 0.7999999999999999, 0.0, 155.9228]
[5.0, 0.0, 8.0, 1.0, 0.7, 0.8999999999999999, 0.0, 156.22219999999996]
[5.0, 0.0, 8.0, 1.0, 0.7, 0.9999999999999999, 0.0, 156.4952]
[5.0, 0.0, 8.0, 1.0, 0.7, 0.0, 0.1, 109.55000000000003]
[5.0, 0.0, 8.0, 1.0, 0.7, 0.1, 0.1, 123.75559999999997]
[5.0, 0.0, 8.0, 1.0, 0.7, 0.2, 0.1, 140.59220000000002]
[5.0, 0.0, 8.0, 1.0, 0.7, 0.30000000000000004, 0.1, 145.85479999999998]
[5.0, 0.0, 8.0, 1.0, 0.7, 0.4, 0.1, 153.64579999999998]
[5.0, 0.0, 8.0, 1.0, 0.7, 0.5, 0.1, 154.7408]
[5.0, 0.0, 8.0, 1.0, 0.7, 0.6, 0.1, 155.0372]
[5.0, 0.0, 8.0, 1.0, 0.7, 0.7, 0.1, 155.46020000000001]
[5.0, 0.0, 8.0, 1.0, 0.7, 0.7999999999999999, 0.1, 155.6774]
[5.0, 0.0, 8.0, 1.0, 0.7, 0.8999999999999999, 0.1, 155.957]
[5.0, 0.0, 8.0, 1.0, 0.7, 0.9999999999999999, 0.1, 156.293]
[5.0, 0.0, 8.0, 1.0, 0.7, 0.0, 0.2, 109.55000000000003]
[5.0, 0.0, 8.0, 1.0, 0.7, 0.1, 0.2, 120.99260000000005]
[5.0, 0.0, 8.0, 1.0, 0.7, 0.2, 0.2, 129.60140000000007]
[5.0, 0.0, 8.0, 1.0, 0.7, 0.30000000000000004, 0.2, 145.6532]
[5.0, 0.0, 8.0, 1.0, 0.7, 0.4, 0.2, 150.98479999999998]
[5.0, 0.0, 8.0, 1.0, 0.7, 0.5, 0.2, 153.2462]
[5.0, 0.0, 8.0, 1.0, 0.7, 0.6, 0.2, 154.99280000000002]
[5.0, 0.0, 8.0, 1.0, 0.7, 0.7, 0.2, 155.42]
[5.0, 0.0, 8.0, 1.0, 0.7, 0.7999999999999999, 0.2, 155.53759999999997]
[5.0, 0.0, 8.0, 1.0, 0.7, 0.8999999999999999, 0.2, 155.8448]
[5.0, 0.0, 8.0, 1.0, 0.7, 0.9999999999999999, 0.2, 155.96899999999997]
[5.0, 0.0, 8.0, 1.0, 0.7, 0.0, 0.30000000000000004, 109.55000000000003]
[5.0, 0.0, 8.0, 1.0, 0.7, 0.1, 0.30000000000000004, 124.7138]
[5.0, 0.0, 8.0, 1.0, 0.7, 0.2, 0.30000000000000004, 130.2817999999999]
[5.0, 0.0, 8.0, 1.0, 0.7, 0.30000000000000004, 0.30000000000000004, 135.7592]
[5.0, 0.0, 8.0, 1.0, 0.7, 0.4, 0.30000000000000004, 143.36120000000003]
[5.0, 0.0, 8.0, 1.0, 0.7, 0.5, 0.30000000000000004, 150.4742]
[5.0, 0.0, 8.0, 1.0, 0.7, 0.6, 0.30000000000000004, 153.94279999999998]
[5.0, 0.0, 8.0, 1.0, 0.7, 0.7, 0.30000000000000004, 154.90400000000002]
[5.0, 0.0, 8.0, 1.0, 0.7, 0.7999999999999999, 0.30000000000000004, 155.3432]
[5.0, 0.0, 8.0, 1.0, 0.7, 0.8999999999999999, 0.30000000000000004, 155.53519999999997]
[5.0, 0.0, 8.0, 1.0, 0.7, 0.9999999999999999, 0.30000000000000004, 155.7848]
[5.0, 0.0, 8.0, 1.0, 0.7, 0.0, 0.4, 109.55000000000003]
[5.0, 0.0, 8.0, 1.0, 0.7, 0.1, 0.4, 117.44839999999998]
[5.0, 0.0, 8.0, 1.0, 0.7, 0.2, 0.4, 128.49800000000005]
[5.0, 0.0, 8.0, 1.0, 0.7, 0.30000000000000004, 0.4, 139.96940000000004]
[5.0, 0.0, 8.0, 1.0, 0.7, 0.4, 0.4, 143.396]
[5.0, 0.0, 8.0, 1.0, 0.7, 0.5, 0.4, 148.0772]
[5.0, 0.0, 8.0, 1.0, 0.7, 0.6, 0.4, 152.9384]
[5.0, 0.0, 8.0, 1.0, 0.7, 0.7, 0.4, 154.34779999999998]
[5.0, 0.0, 8.0, 1.0, 0.7, 0.7999999999999999, 0.4, 154.844]
[5.0, 0.0, 8.0, 1.0, 0.7, 0.8999999999999999, 0.4, 155.2442]
[5.0, 0.0, 8.0, 1.0, 0.7, 0.9999999999999999, 0.4, 155.237]
[5.0, 0.0, 8.0, 1.0, 0.7, 0.0, 0.5, 109.55000000000003]
[5.0, 0.0, 8.0, 1.0, 0.7, 0.1, 0.5, 116.54239999999999]
[5.0, 0.0, 8.0, 1.0, 0.7, 0.2, 0.5, 126.41000000000003]
[5.0, 0.0, 8.0, 1.0, 0.7, 0.30000000000000004, 0.5, 132.47299999999998]
[5.0, 0.0, 8.0, 1.0, 0.7, 0.4, 0.5, 136.6298]
[5.0, 0.0, 8.0, 1.0, 0.7, 0.5, 0.5, 143.43499999999997]
[5.0, 0.0, 8.0, 1.0, 0.7, 0.6, 0.5, 151.59980000000002]
[5.0, 0.0, 8.0, 1.0, 0.7, 0.7, 0.5, 153.2486]
[5.0, 0.0, 8.0, 1.0, 0.7, 0.7999999999999999, 0.5, 154.25840000000002]
[5.0, 0.0, 8.0, 1.0, 0.7, 0.8999999999999999, 0.5, 154.568]
[5.0, 0.0, 8.0, 1.0, 0.7, 0.9999999999999999, 0.5, 155.0234]
[5.0, 0.0, 8.0, 1.0, 0.7, 0.0, 0.6, 109.55000000000003]
[5.0, 0.0, 8.0, 1.0, 0.7, 0.1, 0.6, 114.50180000000009]
[5.0, 0.0, 8.0, 1.0, 0.7, 0.2, 0.6, 123.27139999999991]
[5.0, 0.0, 8.0, 1.0, 0.7, 0.30000000000000004, 0.6, 126.90860000000002]
[5.0, 0.0, 8.0, 1.0, 0.7, 0.4, 0.6, 129.64879999999997]
[5.0, 0.0, 8.0, 1.0, 0.7, 0.5, 0.6, 135.51800000000006]
[5.0, 0.0, 8.0, 1.0, 0.7, 0.6, 0.6, 142.42759999999998]
[5.0, 0.0, 8.0, 1.0, 0.7, 0.7, 0.6, 147.03259999999997]
[5.0, 0.0, 8.0, 1.0, 0.7, 0.7999999999999999, 0.6, 147.79579999999999]
[5.0, 0.0, 8.0, 1.0, 0.7, 0.8999999999999999, 0.6, 152.432]
[5.0, 0.0, 8.0, 1.0, 0.7, 0.9999999999999999, 0.6, 154.0958]
[5.0, 0.0, 8.0, 1.0, 0.7, 0.0, 0.7, 109.55000000000003]
[5.0, 0.0, 8.0, 1.0, 0.7, 0.1, 0.7, 114.36499999999995]
[5.0, 0.0, 8.0, 1.0, 0.7, 0.2, 0.7, 117.66800000000009]
[5.0, 0.0, 8.0, 1.0, 0.7, 0.30000000000000004, 0.7, 124.77499999999999]
[5.0, 0.0, 8.0, 1.0, 0.7, 0.4, 0.7, 129.03800000000007]
[5.0, 0.0, 8.0, 1.0, 0.7, 0.5, 0.7, 133.41559999999998]
[5.0, 0.0, 8.0, 1.0, 0.7, 0.6, 0.7, 138.53059999999996]
[5.0, 0.0, 8.0, 1.0, 0.7, 0.7, 0.7, 140.594]
[5.0, 0.0, 8.0, 1.0, 0.7, 0.7999999999999999, 0.7, 138.287]
[5.0, 0.0, 8.0, 1.0, 0.7, 0.8999999999999999, 0.7, 143.80160000000004]
[5.0, 0.0, 8.0, 1.0, 0.7, 0.9999999999999999, 0.7, 145.1042]
[5.0, 0.0, 8.0, 1.0, 0.7, 0.0, 0.7999999999999999, 109.55000000000003]
[5.0, 0.0, 8.0, 1.0, 0.7, 0.1, 0.7999999999999999, 112.31179999999999]
[5.0, 0.0, 8.0, 1.0, 0.7, 0.2, 0.7999999999999999, 114.07459999999998]
[5.0, 0.0, 8.0, 1.0, 0.7, 0.30000000000000004, 0.7999999999999999, 118.62439999999998]
[5.0, 0.0, 8.0, 1.0, 0.7, 0.4, 0.7999999999999999, 122.99479999999998]
[5.0, 0.0, 8.0, 1.0, 0.7, 0.5, 0.7999999999999999, 122.0888]
[5.0, 0.0, 8.0, 1.0, 0.7, 0.6, 0.7999999999999999, 125.02700000000003]
[5.0, 0.0, 8.0, 1.0, 0.7, 0.7, 0.7999999999999999, 128.10800000000003]
[5.0, 0.0, 8.0, 1.0, 0.7, 0.7999999999999999, 0.7999999999999999, 131.0768]
[5.0, 0.0, 8.0, 1.0, 0.7, 0.8999999999999999, 0.7999999999999999, 134.48179999999996]
[5.0, 0.0, 8.0, 1.0, 0.7, 0.9999999999999999, 0.7999999999999999, 131.84660000000005]
[5.0, 0.0, 8.0, 1.0, 0.7, 0.0, 0.8999999999999999, 109.55000000000003]
[5.0, 0.0, 8.0, 1.0, 0.7, 0.1, 0.8999999999999999, 112.091]
[5.0, 0.0, 8.0, 1.0, 0.7, 0.2, 0.8999999999999999, 112.4726]
[5.0, 0.0, 8.0, 1.0, 0.7, 0.30000000000000004, 0.8999999999999999, 113.4554]
[5.0, 0.0, 8.0, 1.0, 0.7, 0.4, 0.8999999999999999, 113.81839999999998]
[5.0, 0.0, 8.0, 1.0, 0.7, 0.5, 0.8999999999999999, 116.44879999999993]
[5.0, 0.0, 8.0, 1.0, 0.7, 0.6, 0.8999999999999999, 120.32659999999998]
[5.0, 0.0, 8.0, 1.0, 0.7, 0.7, 0.8999999999999999, 122.11339999999998]
[5.0, 0.0, 8.0, 1.0, 0.7, 0.7999999999999999, 0.8999999999999999, 120.62119999999996]
[5.0, 0.0, 8.0, 1.0, 0.7, 0.8999999999999999, 0.8999999999999999, 122.40920000000003]
[5.0, 0.0, 8.0, 1.0, 0.7, 0.9999999999999999, 0.8999999999999999, 125.45900000000009]
[5.0, 0.0, 8.0, 1.0, 0.7, 0.0, 0.9999999999999999, 109.55000000000003]
[5.0, 0.0, 8.0, 1.0, 0.7, 0.1, 0.9999999999999999, 109.55000000000003]
[5.0, 0.0, 8.0, 1.0, 0.7, 0.2, 0.9999999999999999, 109.55000000000003]
[5.0, 0.0, 8.0, 1.0, 0.7, 0.30000000000000004, 0.9999999999999999, 109.55000000000003]
[5.0, 0.0, 8.0, 1.0, 0.7, 0.4, 0.9999999999999999, 109.55000000000003]
[5.0, 0.0, 8.0, 1.0, 0.7, 0.5, 0.9999999999999999, 109.55000000000003]
[5.0, 0.0, 8.0, 1.0, 0.7, 0.6, 0.9999999999999999, 109.55000000000003]
[5.0, 0.0, 8.0, 1.0, 0.7, 0.7, 0.9999999999999999, 109.55000000000003]
[5.0, 0.0, 8.0, 1.0, 0.7, 0.7999999999999999, 0.9999999999999999, 109.55000000000003]
[5.0, 0.0, 8.0, 1.0, 0.7, 0.8999999999999999, 0.9999999999999999, 109.55000000000003]
[5.0, 0.0, 8.0, 1.0, 0.7, 0.9999999999999999, 0.9999999999999999, 109.55000000000003]
