[0.0, 5.0, 8.0, 1.0, 0.7, 0.0, 0.0, 109.55479999999994]
[0.0, 5.0, 8.0, 1.0, 0.7, 0.1, 0.0, 109.82720000000006]
[0.0, 5.0, 8.0, 1.0, 0.7, 0.2, 0.0, 110.09960000000004]
[0.0, 5.0, 8.0, 1.0, 0.7, 0.30000000000000004, 0.0, 110.34560000000018]
[0.0, 5.0, 8.0, 1.0, 0.7, 0.4, 0.0, 110.72720000000004]
[0.0, 5.0, 8.0, 1.0, 0.7, 0.5, 0.0, 110.79380000000002]
[0.0, 5.0, 8.0, 1.0, 0.7, 0.6, 0.0, 111.84080000000002]
[0.0, 5.0, 8.0, 1.0, 0.7, 0.7, 0.0, 116.27000000000005]
[0.0, 5.0, 8.0, 1.0, 0.7, 0.7999999999999999, 0.0, 127.994]
[0.0, 5.0, 8.0, 1.0, 0.7, 0.8999999999999999, 0.0, 141.6308]
[0.0, 5.0, 8.0, 1.0, 0.7, 0.9999999999999999, 0.0, 156.5]
[0.0, 5.0, 8.0, 1.0, 0.7, 0.0, 0.1, 109.82239999999996]
[0.0, 5.0, 8.0, 1.0, 0.7, 0.1, 0.1, 110.12239999999998]
[0.0, 5.0, 8.0, 1.0, 0.7, 0.2, 0.1, 110.29399999999988]
[0.0, 5.0, 8.0, 1.0, 0.7, 0.30000000000000004, 0.1, 110.65039999999996]
[0.0, 5.0, 8.0, 1.0, 0.7, 0.4, 0.1, 110.81539999999997]
[0.0, 5.0, 8.0, 1.0, 0.7, 0.5, 0.1, 111.22940000000011]
[0.0, 5.0, 8.0, 1.0, 0.7, 0.6, 0.1, 115.013]
[0.0, 5.0, 8.0, 1.0, 0.7, 0.7, 0.1, 122.89579999999997]
[0.0, 5.0, 8.0, 1.0, 0.7, 0.7999999999999999, 0.1, 131.357]
[0.0, 5.0, 8.0, 1.0, 0.7, 0.8999999999999999, 0.1, 143.52620000000002]
[0.0, 5.0, 8.0, 1.0, 0.7, 0.9999999999999999, 0.1, 156.5]
[0.0, 5.0, 8.0, 1.0, 0.7, 0.0, 0.2, 110.04680000000005]
[0.0, 5.0, 8.0, 1.0, 0.7, 0.1, 0.2, 110.31200000000013]
[0.0, 5.0, 8.0, 1.0, 0.7, 0.2, 0.2, 110.62699999999995]
[0.0, 5.0, 8.0, 1.0, 0.7, 0.30000000000000004, 0.2, 110.82260000000005]
[0.0, 5.0, 8.0, 1.0, 0.7, 0.4, 0.2, 111.35960000000006]
[0.0, 5.0, 8.0, 1.0, 0.7, 0.5, 0.2, 111.58700000000006]
[0.0, 5.0, 8.0, 1.0, 0.7, 0.6, 0.2, 117.9428]
[0.0, 5.0, 8.0, 1.0, 0.7, 0.7, 0.2, 126.14899999999999]
[0.0, 5.0, 8.0, 1.0, 0.7, 0.7999999999999999, 0.2, 135.9122]
[0.0, 5.0, 8.0, 1.0, 0.7, 0.8999999999999999, 0.2, 145.02620000000007]
[0.0, 5.0, 8.0, 1.0, 0.7, 0.9999999999999999, 0.2, 156.5]
[0.0, 5.0, 8.0, 1.0, 0.7, 0.0, 0.30000000000000004, 110.33359999999995]
[0.0, 5.0, 8.0, 1.0, 0.7, 0.1, 0.30000000000000004, 110.60059999999991]
[0.0, 5.0, 8.0, 1.0, 0.7, 0.2, 0.30000000000000004, 110.66959999999993]
[0.0, 5.0, 8.0, 1.0, 0.7, 0.30000000000000004, 0.30000000000000004, 111.12979999999997]
[0.0, 5.0, 8.0, 1.0, 0.7, 0.4, 0.30000000000000004, 111.14599999999992]
[0.0, 5.0, 8.0, 1.0, 0.7, 0.5, 0.30000000000000004, 114.78979999999993]
[0.0, 5.0, 8.0, 1.0, 0.7, 0.6, 0.30000000000000004, 120.36860000000001]
[0.0, 5.0, 8.0, 1.0, 0.7, 0.7, 0.30000000000000004, 126.08359999999993]
[0.0, 5.0, 8.0, 1.0, 0.7, 0.7999999999999999, 0.30000000000000004, 138.14419999999998]
[0.0, 5.0, 8.0, 1.0, 0.7, 0.8999999999999999, 0.30000000000000004, 148.77380000000002]
[0.0, 5.0, 8.0, 1.0, 0.7, 0.9999999999999999, 0.30000000000000004, 156.5]
[0.0, 5.0, 8.0, 1.0, 0.7, 0.0, 0.4, 110.65939999999999]
[0.0, 5.0, 8.0, 1.0, 0.7, 0.1, 0.4, 110.86039999999998]
[0.0, 5.0, 8.0, 1.0, 0.7, 0.2, 0.4, 111.44240000000006]
[0.0, 5.0, 8.0, 1.0, 0.7, 0.30000000000000004, 0.4, 111.50420000000001]
[0.0, 5.0, 8.0, 1.0, 0.7, 0.4, 0.4, 113.9174]
[0.0, 5.0, 8.0, 1.0, 0.7, 0.5, 0.4, 120.40159999999999]
[0.0, 5.0, 8.0, 1.0, 0.7, 0.6, 0.4, 124.04360000000004]
[0.0, 5.0, 8.0, 1.0, 0.7, 0.7, 0.4, 130.62319999999997]
[0.0, 5.0, 8.0, 1.0, 0.7, 0.7999999999999999, 0.4, 139.40840000000009]
[0.0, 5.0, 8.0, 1.0, 0.7, 0.8999999999999999, 0.4, 149.27119999999994]
[0.0, 5.0, 8.0, 1.0, 0.7, 0.9999999999999999, 0.4, 156.5]
[0.0, 5.0, 8.0, 1.0, 0.7, 0.0, 0.5, 111.0128]
[0.0, 5.0, 8.0, 1.0, 0.7, 0.1, 0.5, 111.83000000000004]
[0.0, 5.0, 8.0, 1.0, 0.7, 0.2, 0.5, 113.26759999999994]
[0.0, 5.0, 8.0, 1.0, 0.7, 0.30000000000000004, 0.5, 111.92900000000002]
[0.0, 5.0, 8.0, 1.0, 0.7, 0.4, 0.5, 119.80880000000005]
[0.0, 5.0, 8.0, 1.0, 0.7, 0.5, 0.5, 121.7714]
[0.0, 5.0, 8.0, 1.0, 0.7, 0.6, 0.5, 129.08240000000006]
[0.0, 5.0, 8.0, 1.0, 0.7, 0.7, 0.5, 138.8546]
[0.0, 5.0, 8.0, 1.0, 0.7, 0.7999999999999999, 0.5, 138.36199999999988]
[0.0, 5.0, 8.0, 1.0, 0.7, 0.8999999999999999, 0.5, 148.3724]
[0.0, 5.0, 8.0, 1.0, 0.7, 0.9999999999999999, 0.5, 156.5]
[0.0, 5.0, 8.0, 1.0, 0.7, 0.0, 0.6, 111.9734000000001]
[0.0, 5.0, 8.0, 1.0, 0.7, 0.1, 0.6, 116.47820000000004]
[0.0, 5.0, 8.0, 1.0, 0.7, 0.2, 0.6, 115.91719999999992]
[0.0, 5.0, 8.0, 1.0, 0.7, 0.30000000000000004, 0.6, 118.727]
[0.0, 5.0, 8.0, 1.0, 0.7, 0.4, 0.6, 125.91680000000004]
[0.0, 5.0, 8.0, 1.0, 0.7, 0.5, 0.6, 130.29619999999986]
[0.0, 5.0, 8.0, 1.0, 0.7, 0.6, 0.6, 135.81860000000003]
[0.0, 5.0, 8.0, 1.0, 0.7, 0.7, 0.6, 138.7532]
[0.0, 5.0, 8.0, 1.0, 0.7, 0.7999999999999999, 0.6, 143.47939999999997]
[0.0, 5.0, 8.0, 1.0, 0.7, 0.8999999999999999, 0.6, 150.1226]
[0.0, 5.0, 8.0, 1.0, 0.7, 0.9999999999999999, 0.6, 156.5]
[0.0, 5.0, 8.0, 1.0, 0.7, 0.0, 0.7, 119.91259999999998]
[0.0, 5.0, 8.0, 1.0, 0.7, 0.1, 0.7, 122.12479999999992]
[0.0, 5.0, 8.0, 1.0, 0.7, 0.2, 0.7, 122.08640000000004]
[0.0, 5.0, 8.0, 1.0, 0.7, 0.30000000000000004, 0.7, 129.83300000000003]
[0.0, 5.0, 8.0, 1.0, 0.7, 0.4, 0.7, 132.5192]
[0.0, 5.0, 8.0, 1.0, 0.7, 0.5, 0.7, 134.6636]
[0.0, 5.0, 8.0, 1.0, 0.7, 0.6, 0.7, 137.7836]
[0.0, 5.0, 8.0, 1.0, 0.7, 0.7, 0.7, 142.6231999999999]
[0.0, 5.0, 8.0, 1.0, 0.7, 0.7999999999999999, 0.7, 148.13839999999993]
[0.0, 5.0, 8.0, 1.0, 0.7, 0.8999999999999999, 0.7, 151.72220000000002]
[0.0, 5.0, 8.0, 1.0, 0.7, 0.9999999999999999, 0.7, 156.5]
[0.0, 5.0, 8.0, 1.0, 0.7, 0.0, 0.7999999999999999, 125.21959999999997]
[0.0, 5.0, 8.0, 1.0, 0.7, 0.1, 0.7999999999999999, 131.11640000000003]
[0.0, 5.0, 8.0, 1.0, 0.7, 0.2, 0.7999999999999999, 131.0858]
[0.0, 5.0, 8.0, 1.0, 0.7, 0.30000000000000004, 0.7999999999999999, 134.80460000000014]
[0.0, 5.0, 8.0, 1.0, 0.7, 0.4, 0.7999999999999999, 136.8488]
[0.0, 5.0, 8.0, 1.0, 0.7, 0.5, 0.7999999999999999, 138.90259999999998]
[0.0, 5.0, 8.0, 1.0, 0.7, 0.6, 0.7999999999999999, 143.45]
[0.0, 5.0, 8.0, 1.0, 0.7, 0.7, 0.7999999999999999, 146.35099999999997]
[0.0, 5.0, 8.0, 1.0, 0.7, 0.7999999999999999, 0.7999999999999999, 150.7286]
[0.0, 5.0, 8.0, 1.0, 0.7, 0.8999999999999999, 0.7999999999999999, 154.41559999999998]
[0.0, 5.0, 8.0, 1.0, 0.7, 0.9999999999999999, 0.7999999999999999, 156.5]
[0.0, 5.0, 8.0, 1.0, 0.7, 0.0, 0.8999999999999999, 144.45020000000002]
[0.0, 5.0, 8.0, 1.0, 0.7, 0.1, 0.8999999999999999, 142.652]
[0.0, 5.0, 8.0, 1.0, 0.7, 0.2, 0.8999999999999999, 144.88640000000004]
[0.0, 5.0, 8.0, 1.0, 0.7, 0.30000000000000004, 0.8999999999999999, 144.79280000000003]
[0.0, 5.0, 8.0, 1.0, 0.7, 0.4, 0.8999999999999999, 149.27840000000003]
[0.0, 5.0, 8.0, 1.0, 0.7, 0.5, 0.8999999999999999, 147.21259999999995]
[0.0, 5.0, 8.0, 1.0, 0.7, 0.6, 0.8999999999999999, 150.73700000000002]
[0.0, 5.0, 8.0, 1.0, 0.7, 0.7, 0.8999999999999999, 153.5156]
[0.0, 5.0, 8.0, 1.0, 0.7, 0.7999999999999999, 0.8999999999999999, 155.46620000000001]
[0.0, 5.0, 8.0, 1.0, 0.7, 0.8999999999999999, 0.8999999999999999, 155.348]
[0.0, 5.0, 8.0, 1.0, 0.7, 0.9999999999999999, 0.8999999999999999, 156.5]
[0.0, 5.0, 8.0, 1.0, 0.7, 0.0, 0.9999999999999999, 156.5]
[0.0, 5.0, 8.0, 1.0, 0.7, 0.1, 0.9999999999999999, 156.5]
[0.0, 5.0, 8.0, 1.0, 0.7, 0.2, 0.9999999999999999, 156.5]
[0.0, 5.0, 8.0, 1.0, 0.7, 0.30000000000000004, 0.9999999999999999, 156.5]
[0.0, 5.0, 8.0, 1.0, 0.7, 0.4, 0.9999999999999999, 156.5]
[0.0, 5.0, 8.0, 1.0, 0.7, 0.5, 0.9999999999999999, 156.5]
[0.0, 5.0, 8.0, 1.0, 0.7, 0.6, 0.9999999999999999, 156.5]
[0.0, 5.0, 8.0, 1.0, 0.7, 0.7, 0.9999999999999999, 156.5]
[0.0, 5.0, 8.0, 1.0, 0.7, 0.7999999999999999, 0.9999999999999999, 156.5]
[0.0, 5.0, 8.0, 1.0, 0.7, 0.8999999999999999, 0.9999999999999999, 156.5]
[0.0, 5.0, 8.0, 1.0, 0.7, 0.9999999999999999, 0.9999999999999999, 156.5]
[1.0, 4.0, 8.0, 1.0, 0.7, 0.0, 0.0, 109.55479999999994]
[1.0, 4.0, 8.0, 1.0, 0.7, 0.1, 0.0, 109.84219999999995]
[1.0, 4.0, 8.0, 1.0, 0.7, 0.2, 0.0, 110.12300000000005]
[1.0, 4.0, 8.0, 1.0, 0.7, 0.30000000000000004, 0.0, 110.50460000000017]
[1.0, 4.0, 8.0, 1.0, 0.7, 0.4, 0.0, 110.91680000000004]
[1.0, 4.0, 8.0, 1.0, 0.7, 0.5, 0.0, 111.84619999999993]
[1.0, 4.0, 8.0, 1.0, 0.7, 0.6, 0.0, 123.24440000000003]
[1.0, 4.0, 8.0, 1.0, 0.7, 0.7, 0.0, 135.38180000000008]
[1.0, 4.0, 8.0, 1.0, 0.7, 0.7999999999999999, 0.0, 148.25060000000008]
[1.0, 4.0, 8.0, 1.0, 0.7, 0.8999999999999999, 0.0, 156.0236]
[1.0, 4.0, 8.0, 1.0, 0.7, 0.9999999999999999, 0.0, 156.49220000000003]
[1.0, 4.0, 8.0, 1.0, 0.7, 0.0, 0.1, 109.8973999999999]
[1.0, 4.0, 8.0, 1.0, 0.7, 0.1, 0.1, 110.13380000000001]
[1.0, 4.0, 8.0, 1.0, 0.7, 0.2, 0.1, 110.37920000000004]
[1.0, 4.0, 8.0, 1.0, 0.7, 0.30000000000000004, 0.1, 110.59340000000002]
[1.0, 4.0, 8.0, 1.0, 0.7, 0.4, 0.1, 111.68480000000012]
[1.0, 4.0, 8.0, 1.0, 0.7, 0.5, 0.1, 117.25280000000002]
[1.0, 4.0, 8.0, 1.0, 0.7, 0.6, 0.1, 121.63399999999999]
[1.0, 4.0, 8.0, 1.0, 0.7, 0.7, 0.1, 132.6949999999999]
[1.0, 4.0, 8.0, 1.0, 0.7, 0.7999999999999999, 0.1, 135.19519999999994]
[1.0, 4.0, 8.0, 1.0, 0.7, 0.8999999999999999, 0.1, 147.4268]
[1.0, 4.0, 8.0, 1.0, 0.7, 0.9999999999999999, 0.1, 155.81059999999997]
[1.0, 4.0, 8.0, 1.0, 0.7, 0.0, 0.2, 110.26819999999991]
[1.0, 4.0, 8.0, 1.0, 0.7, 0.1, 0.2, 110.4572]
[1.0, 4.0, 8.0, 1.0, 0.7, 0.2, 0.2, 110.5675999999999]
[1.0, 4.0, 8.0, 1.0, 0.7, 0.30000000000000004, 0.2, 111.42319999999998]
[1.0, 4.0, 8.0, 1.0, 0.7, 0.4, 0.2, 115.57040000000003]
[1.0, 4.0, 8.0, 1.0, 0.7, 0.5, 0.2, 122.21120000000006]
[1.0, 4.0, 8.0, 1.0, 0.7, 0.6, 0.2, 128.4536]
[1.0, 4.0, 8.0, 1.0, 0.7, 0.7, 0.2, 132.701]
[1.0, 4.0, 8.0, 1.0, 0.7, 0.7999999999999999, 0.2, 133.2932]
[1.0, 4.0, 8.0, 1.0, 0.7, 0.8999999999999999, 0.2, 134.87779999999992]
[1.0, 4.0, 8.0, 1.0, 0.7, 0.9999999999999999, 0.2, 151.02259999999998]
[1.0, 4.0, 8.0, 1.0, 0.7, 0.0, 0.30000000000000004, 110.55439999999994]
[1.0, 4.0, 8.0, 1.0, 0.7, 0.1, 0.30000000000000004, 110.55860000000003]
[1.0, 4.0, 8.0, 1.0, 0.7, 0.2, 0.30000000000000004, 111.12500000000006]
[1.0, 4.0, 8.0, 1.0, 0.7, 0.30000000000000004, 0.30000000000000004, 112.04359999999996]
[1.0, 4.0, 8.0, 1.0, 0.7, 0.4, 0.30000000000000004, 117.59479999999999]
[1.0, 4.0, 8.0, 1.0, 0.7, 0.5, 0.30000000000000004, 123.63439999999996]
[1.0, 4.0, 8.0, 1.0, 0.7, 0.6, 0.30000000000000004, 131.88019999999992]
[1.0, 4.0, 8.0, 1.0, 0.7, 0.7, 0.30000000000000004, 132.43460000000005]
[1.0, 4.0, 8.0, 1.0, 0.7, 0.7999999999999999, 0.30000000000000004, 132.87140000000008]
[1.0, 4.0, 8.0, 1.0, 0.7, 0.8999999999999999, 0.30000000000000004, 133.3184]
[1.0, 4.0, 8.0, 1.0, 0.7, 0.9999999999999999, 0.30000000000000004, 134.1302]
[1.0, 4.0, 8.0, 1.0, 0.7, 0.0, 0.4, 110.84779999999999]
[1.0, 4.0, 8.0, 1.0, 0.7, 0.1, 0.4, 111.25520000000002]
[1.0, 4.0, 8.0, 1.0, 0.7, 0.2, 0.4, 113.42600000000009]
[1.0, 4.0, 8.0, 1.0, 0.7, 0.30000000000000004, 0.4, 116.23399999999988]
[1.0, 4.0, 8.0, 1.0, 0.7, 0.4, 0.4, 126.21020000000006]
[1.0, 4.0, 8.0, 1.0, 0.7, 0.5, 0.4, 129.84439999999992]
[1.0, 4.0, 8.0, 1.0, 0.7, 0.6, 0.4, 131.99539999999996]
[1.0, 4.0, 8.0, 1.0, 0.7, 0.7, 0.4, 132.14000000000004]
[1.0, 4.0, 8.0, 1.0, 0.7, 0.7999999999999999, 0.4, 132.47359999999998]
[1.0, 4.0, 8.0, 1.0, 0.7, 0.8999999999999999, 0.4, 132.88759999999994]
[1.0, 4.0, 8.0, 1.0, 0.7, 0.9999999999999999, 0.4, 133.17559999999995]
[1.0, 4.0, 8.0, 1.0, 0.7, 0.0, 0.5, 114.34760000000009]
[1.0, 4.0, 8.0, 1.0, 0.7, 0.1, 0.5, 117.06140000000005]
[1.0, 4.0, 8.0, 1.0, 0.7, 0.2, 0.5, 118.71499999999999]
[1.0, 4.0, 8.0, 1.0, 0.7, 0.30000000000000004, 0.5, 123.8432]
[1.0, 4.0, 8.0, 1.0, 0.7, 0.4, 0.5, 131.01859999999996]
[1.0, 4.0, 8.0, 1.0, 0.7, 0.5, 0.5, 130.85660000000001]
[1.0, 4.0, 8.0, 1.0, 0.7, 0.6, 0.5, 132.10459999999998]
[1.0, 4.0, 8.0, 1.0, 0.7, 0.7, 0.5, 132.34879999999993]
[1.0, 4.0, 8.0, 1.0, 0.7, 0.7999999999999999, 0.5, 132.41059999999996]
[1.0, 4.0, 8.0, 1.0, 0.7, 0.8999999999999999, 0.5, 132.47840000000002]
[1.0, 4.0, 8.0, 1.0, 0.7, 0.9999999999999999, 0.5, 132.96559999999997]
[1.0, 4.0, 8.0, 1.0, 0.7, 0.0, 0.6, 119.02159999999994]
[1.0, 4.0, 8.0, 1.0, 0.7, 0.1, 0.6, 122.00479999999997]
[1.0, 4.0, 8.0, 1.0, 0.7, 0.2, 0.6, 128.06]
[1.0, 4.0, 8.0, 1.0, 0.7, 0.30000000000000004, 0.6, 130.99699999999999]
[1.0, 4.0, 8.0, 1.0, 0.7, 0.4, 0.6, 131.70079999999996]
[1.0, 4.0, 8.0, 1.0, 0.7, 0.5, 0.6, 132.1664]
[1.0, 4.0, 8.0, 1.0, 0.7, 0.6, 0.6, 132.32120000000006]
[1.0, 4.0, 8.0, 1.0, 0.7, 0.7, 0.6, 132.3662]
[1.0, 4.0, 8.0, 1.0, 0.7, 0.7999999999999999, 0.6, 132.46400000000003]
[1.0, 4.0, 8.0, 1.0, 0.7, 0.8999999999999999, 0.6, 132.4454]
[1.0, 4.0, 8.0, 1.0, 0.7, 0.9999999999999999, 0.6, 132.83960000000008]
[1.0, 4.0, 8.0, 1.0, 0.7, 0.0, 0.7, 126.83060000000002]
[1.0, 4.0, 8.0, 1.0, 0.7, 0.1, 0.7, 129.62359999999995]
[1.0, 4.0, 8.0, 1.0, 0.7, 0.2, 0.7, 131.83040000000003]
[1.0, 4.0, 8.0, 1.0, 0.7, 0.30000000000000004, 0.7, 132.01459999999997]
[1.0, 4.0, 8.0, 1.0, 0.7, 0.4, 0.7, 132.143]
[1.0, 4.0, 8.0, 1.0, 0.7, 0.5, 0.7, 132.1922]
[1.0, 4.0, 8.0, 1.0, 0.7, 0.6, 0.7, 132.20600000000002]
[1.0, 4.0, 8.0, 1.0, 0.7, 0.7, 0.7, 132.38419999999996]
[1.0, 4.0, 8.0, 1.0, 0.7, 0.7999999999999999, 0.7, 132.4232]
[1.0, 4.0, 8.0, 1.0, 0.7, 0.8999999999999999, 0.7, 132.428]
[1.0, 4.0, 8.0, 1.0, 0.7, 0.9999999999999999, 0.7, 132.4916]
[1.0, 4.0, 8.0, 1.0, 0.7, 0.0, 0.7999999999999999, 132.01520000000002]
[1.0, 4.0, 8.0, 1.0, 0.7, 0.1, 0.7999999999999999, 132.15259999999998]
[1.0, 4.0, 8.0, 1.0, 0.7, 0.2, 0.7999999999999999, 132.14299999999997]
[1.0, 4.0, 8.0, 1.0, 0.7, 0.30000000000000004, 0.7999999999999999, 132.2102]
[1.0, 4.0, 8.0, 1.0, 0.7, 0.4, 0.7999999999999999, 132.28759999999997]
[1.0, 4.0, 8.0, 1.0, 0.7, 0.5, 0.7999999999999999, 132.30859999999996]
[1.0, 4.0, 8.0, 1.0, 0.7, 0.6, 0.7999999999999999, 132.3374]
[1.0, 4.0, 8.0, 1.0, 0.7, 0.7, 0.7999999999999999, 132.3452]
[1.0, 4.0, 8.0, 1.0, 0.7, 0.7999999999999999, 0.7999999999999999, 132.40099999999995]
[1.0, 4.0, 8.0, 1.0, 0.7, 0.8999999999999999, 0.7999999999999999, 132.401]
[1.0, 4.0, 8.0, 1.0, 0.7, 0.9999999999999999, 0.7999999999999999, 132.43039999999993]
[1.0, 4.0, 8.0, 1.0, 0.7, 0.0, 0.8999999999999999, 132.14479999999998]
[1.0, 4.0, 8.0, 1.0, 0.7, 0.1, 0.8999999999999999, 132.2696]
[1.0, 4.0, 8.0, 1.0, 0.7, 0.2, 0.8999999999999999, 132.308]
[1.0, 4.0, 8.0, 1.0, 0.7, 0.30000000000000004, 0.8999999999999999, 132.3212]
[1.0, 4.0, 8.0, 1.0, 0.7, 0.4, 0.8999999999999999, 132.3404]
[1.0, 4.0, 8.0, 1.0, 0.7, 0.5, 0.8999999999999999, 132.3452000000001]
[1.0, 4.0, 8.0, 1.0, 0.7, 0.6, 0.8999999999999999, 132.3602]
[1.0, 4.0, 8.0, 1.0, 0.7, 0.7, 0.8999999999999999, 132.35840000000002]
[1.0, 4.0, 8.0, 1.0, 0.7, 0.7999999999999999, 0.8999999999999999, 132.3644]
[1.0, 4.0, 8.0, 1.0, 0.7, 0.8999999999999999, 0.8999999999999999, 132.37340000000003]
[1.0, 4.0, 8.0, 1.0, 0.7, 0.9999999999999999, 0.8999999999999999, 132.3908]
[1.0, 4.0, 8.0, 1.0, 0.7, 0.0, 0.9999999999999999, 132.3728]
[1.0, 4.0, 8.0, 1.0, 0.7, 0.1, 0.9999999999999999, 132.3728]
[1.0, 4.0, 8.0, 1.0, 0.7, 0.2, 0.9999999999999999, 132.3728]
[1.0, 4.0, 8.0, 1.0, 0.7, 0.30000000000000004, 0.9999999999999999, 132.3728]
[1.0, 4.0, 8.0, 1.0, 0.7, 0.4, 0.9999999999999999, 132.3728]
[1.0, 4.0, 8.0, 1.0, 0.7, 0.5, 0.9999999999999999, 132.3728]
[1.0, 4.0, 8.0, 1.0, 0.7, 0.6, 0.9999999999999999, 132.3728]
[1.0, 4.0, 8.0, 1.0, 0.7, 0.7, 0.9999999999999999, 132.3728]
[1.0, 4.0, 8.0, 1.0, 0.7, 0.7999999999999999, 0.9999999999999999, 132.3728]
[1.0, 4.0, 8.0, 1.0, 0.7, 0.8999999999999999, 0.9999999999999999, 132.3728]
[1.0, 4.0, 8.0, 1.0, 0.7, 0.9999999999999999, 0.9999999999999999, 132.3728]
[2.0, 3.0, 8.0, 1.0, 0.7, 0.0, 0.0, 109.55479999999994]
[2.0, 3.0, 8.0, 1.0, 0.7, 0.1, 0.0, 109.82359999999994]
[2.0, 3.0, 8.0, 1.0, 0.7, 0.2, 0.0, 110.12479999999998]
[2.0, 3.0, 8.0, 1.0, 0.7, 0.30000000000000004, 0.0, 110.57060000000004]
[2.0, 3.0, 8.0, 1.0, 0.7, 0.4, 0.0, 111.84499999999997]
[2.0, 3.0, 8.0, 1.0, 0.7, 0.5, 0.0, 122.40979999999996]
[2.0, 3.0, 8.0, 1.0, 0.7, 0.6, 0.0, 143.21780000000004]
[2.0, 3.0, 8.0, 1.0, 0.7, 0.7, 0.0, 152.03839999999997]
[2.0, 3.0, 8.0, 1.0, 0.7, 0.7999999999999999, 0.0, 155.8448]
[2.0, 3.0, 8.0, 1.0, 0.7, 0.8999999999999999, 0.0, 156.1622]
[2.0, 3.0, 8.0, 1.0, 0.7, 0.9999999999999999, 0.0, 156.49220000000003]
[2.0, 3.0, 8.0, 1.0, 0.7, 0.0, 0.1, 109.83199999999994]
[2.0, 3.0, 8.0, 1.0, 0.7, 0.1, 0.1, 110.28200000000008]
[2.0, 3.0, 8.0, 1.0, 0.7, 0.2, 0.1, 110.64680000000006]
[2.0, 3.0, 8.0, 1.0, 0.7, 0.30000000000000004, 0.1, 112.89139999999995]
[2.0, 3.0, 8.0, 1.0, 0.7, 0.4, 0.1, 119.14699999999999]
[2.0, 3.0, 8.0, 1.0, 0.7, 0.5, 0.1, 123.54619999999998]
[2.0, 3.0, 8.0, 1.0, 0.7, 0.6, 0.1, 131.2622]
[2.0, 3.0, 8.0, 1.0, 0.7, 0.7, 0.1, 145.36759999999998]
[2.0, 3.0, 8.0, 1.0, 0.7, 0.7999999999999999, 0.1, 154.92199999999997]
[2.0, 3.0, 8.0, 1.0, 0.7, 0.8999999999999999, 0.1, 155.80519999999999]
[2.0, 3.0, 8.0, 1.0, 0.7, 0.9999999999999999, 0.1, 156.197]
[2.0, 3.0, 8.0, 1.0, 0.7, 0.0, 0.2, 110.22559999999989]
[2.0, 3.0, 8.0, 1.0, 0.7, 0.1, 0.2, 110.83700000000005]
[2.0, 3.0, 8.0, 1.0, 0.7, 0.2, 0.2, 110.71100000000004]
[2.0, 3.0, 8.0, 1.0, 0.7, 0.30000000000000004, 0.2, 112.21040000000009]
[2.0, 3.0, 8.0, 1.0, 0.7, 0.4, 0.2, 125.3006]
[2.0, 3.0, 8.0, 1.0, 0.7, 0.5, 0.2, 126.28219999999993]
[2.0, 3.0, 8.0, 1.0, 0.7, 0.6, 0.2, 128.86159999999998]
[2.0, 3.0, 8.0, 1.0, 0.7, 0.7, 0.2, 128.08700000000007]
[2.0, 3.0, 8.0, 1.0, 0.7, 0.7999999999999999, 0.2, 144.12200000000004]
[2.0, 3.0, 8.0, 1.0, 0.7, 0.8999999999999999, 0.2, 151.81820000000002]
[2.0, 3.0, 8.0, 1.0, 0.7, 0.9999999999999999, 0.2, 155.402]
[2.0, 3.0, 8.0, 1.0, 0.7, 0.0, 0.30000000000000004, 110.52199999999992]
[2.0, 3.0, 8.0, 1.0, 0.7, 0.1, 0.30000000000000004, 112.98979999999995]
[2.0, 3.0, 8.0, 1.0, 0.7, 0.2, 0.30000000000000004, 117.41899999999995]
[2.0, 3.0, 8.0, 1.0, 0.7, 0.30000000000000004, 0.30000000000000004, 124.9796]
[2.0, 3.0, 8.0, 1.0, 0.7, 0.4, 0.30000000000000004, 125.71759999999999]
[2.0, 3.0, 8.0, 1.0, 0.7, 0.5, 0.30000000000000004, 126.68660000000003]
[2.0, 3.0, 8.0, 1.0, 0.7, 0.6, 0.30000000000000004, 127.50500000000014]
[2.0, 3.0, 8.0, 1.0, 0.7, 0.7, 0.30000000000000004, 127.58599999999998]
[2.0, 3.0, 8.0, 1.0, 0.7, 0.7999999999999999, 0.30000000000000004, 132.42739999999998]
[2.0, 3.0, 8.0, 1.0, 0.7, 0.8999999999999999, 0.30000000000000004, 143.26760000000002]
[2.0, 3.0, 8.0, 1.0, 0.7, 0.9999999999999999, 0.30000000000000004, 149.45780000000005]
[2.0, 3.0, 8.0, 1.0, 0.7, 0.0, 0.4, 113.10559999999995]
[2.0, 3.0, 8.0, 1.0, 0.7, 0.1, 0.4, 114.00139999999995]
[2.0, 3.0, 8.0, 1.0, 0.7, 0.2, 0.4, 125.0414]
[2.0, 3.0, 8.0, 1.0, 0.7, 0.30000000000000004, 0.4, 125.6924]
[2.0, 3.0, 8.0, 1.0, 0.7, 0.4, 0.4, 126.66740000000003]
[2.0, 3.0, 8.0, 1.0, 0.7, 0.5, 0.4, 126.72859999999989]
[2.0, 3.0, 8.0, 1.0, 0.7, 0.6, 0.4, 126.80599999999998]
[2.0, 3.0, 8.0, 1.0, 0.7, 0.7, 0.4, 127.47800000000012]
[2.0, 3.0, 8.0, 1.0, 0.7, 0.7999999999999999, 0.4, 127.73780000000005]
[2.0, 3.0, 8.0, 1.0, 0.7, 0.8999999999999999, 0.4, 128.90359999999998]
[2.0, 3.0, 8.0, 1.0, 0.7, 0.9999999999999999, 0.4, 140.15420000000003]
[2.0, 3.0, 8.0, 1.0, 0.7, 0.0, 0.5, 124.48879999999998]
[2.0, 3.0, 8.0, 1.0, 0.7, 0.1, 0.5, 125.43139999999995]
[2.0, 3.0, 8.0, 1.0, 0.7, 0.2, 0.5, 125.48300000000005]
[2.0, 3.0, 8.0, 1.0, 0.7, 0.30000000000000004, 0.5, 126.26000000000003]
[2.0, 3.0, 8.0, 1.0, 0.7, 0.4, 0.5, 126.62299999999999]
[2.0, 3.0, 8.0, 1.0, 0.7, 0.5, 0.5, 126.76520000000001]
[2.0, 3.0, 8.0, 1.0, 0.7, 0.6, 0.5, 126.8108]
[2.0, 3.0, 8.0, 1.0, 0.7, 0.7, 0.5, 126.90020000000004]
[2.0, 3.0, 8.0, 1.0, 0.7, 0.7999999999999999, 0.5, 127.23739999999998]
[2.0, 3.0, 8.0, 1.0, 0.7, 0.8999999999999999, 0.5, 127.74080000000001]
[2.0, 3.0, 8.0, 1.0, 0.7, 0.9999999999999999, 0.5, 129.07459999999998]
[2.0, 3.0, 8.0, 1.0, 0.7, 0.0, 0.6, 126.17300000000004]
[2.0, 3.0, 8.0, 1.0, 0.7, 0.1, 0.6, 126.47779999999996]
[2.0, 3.0, 8.0, 1.0, 0.7, 0.2, 0.6, 126.08900000000001]
[2.0, 3.0, 8.0, 1.0, 0.7, 0.30000000000000004, 0.6, 126.69199999999994]
[2.0, 3.0, 8.0, 1.0, 0.7, 0.4, 0.6, 126.66440000000001]
[2.0, 3.0, 8.0, 1.0, 0.7, 0.5, 0.6, 126.79819999999994]
[2.0, 3.0, 8.0, 1.0, 0.7, 0.6, 0.6, 126.78919999999991]
[2.0, 3.0, 8.0, 1.0, 0.7, 0.7, 0.6, 126.83479999999997]
[2.0, 3.0, 8.0, 1.0, 0.7, 0.7999999999999999, 0.6, 127.06279999999992]
[2.0, 3.0, 8.0, 1.0, 0.7, 0.8999999999999999, 0.6, 126.95480000000002]
[2.0, 3.0, 8.0, 1.0, 0.7, 0.9999999999999999, 0.6, 127.26920000000005]
[2.0, 3.0, 8.0, 1.0, 0.7, 0.0, 0.7, 126.61759999999998]
[2.0, 3.0, 8.0, 1.0, 0.7, 0.1, 0.7, 126.55399999999996]
[2.0, 3.0, 8.0, 1.0, 0.7, 0.2, 0.7, 126.66919999999995]
[2.0, 3.0, 8.0, 1.0, 0.7, 0.30000000000000004, 0.7, 126.66620000000002]
[2.0, 3.0, 8.0, 1.0, 0.7, 0.4, 0.7, 126.73639999999997]
[2.0, 3.0, 8.0, 1.0, 0.7, 0.5, 0.7, 126.78199999999998]
[2.0, 3.0, 8.0, 1.0, 0.7, 0.6, 0.7, 126.82279999999993]
[2.0, 3.0, 8.0, 1.0, 0.7, 0.7, 0.7, 126.78439999999992]
[2.0, 3.0, 8.0, 1.0, 0.7, 0.7999999999999999, 0.7, 126.84140000000001]
[2.0, 3.0, 8.0, 1.0, 0.7, 0.8999999999999999, 0.7, 126.87200000000006]
[2.0, 3.0, 8.0, 1.0, 0.7, 0.9999999999999999, 0.7, 127.0958]
[2.0, 3.0, 8.0, 1.0, 0.7, 0.0, 0.7999999999999999, 126.60379999999995]
[2.0, 3.0, 8.0, 1.0, 0.7, 0.1, 0.7999999999999999, 126.63439999999997]
[2.0, 3.0, 8.0, 1.0, 0.7, 0.2, 0.7999999999999999, 126.65480000000001]
[2.0, 3.0, 8.0, 1.0, 0.7, 0.30000000000000004, 0.7999999999999999, 126.69560000000006]
[2.0, 3.0, 8.0, 1.0, 0.7, 0.4, 0.7999999999999999, 126.73639999999992]
[2.0, 3.0, 8.0, 1.0, 0.7, 0.5, 0.7999999999999999, 126.7622]
[2.0, 3.0, 8.0, 1.0, 0.7, 0.6, 0.7999999999999999, 126.75139999999989]
[2.0, 3.0, 8.0, 1.0, 0.7, 0.7, 0.7999999999999999, 126.79399999999998]
[2.0, 3.0, 8.0, 1.0, 0.7, 0.7999999999999999, 0.7999999999999999, 126.84319999999997]
[2.0, 3.0, 8.0, 1.0, 0.7, 0.8999999999999999, 0.7999999999999999, 126.84679999999994]
[2.0, 3.0, 8.0, 1.0, 0.7, 0.9999999999999999, 0.7999999999999999, 126.87619999999993]
[2.0, 3.0, 8.0, 1.0, 0.7, 0.0, 0.8999999999999999, 126.70339999999997]
[2.0, 3.0, 8.0, 1.0, 0.7, 0.1, 0.8999999999999999, 126.71119999999992]
[2.0, 3.0, 8.0, 1.0, 0.7, 0.2, 0.8999999999999999, 126.72199999999997]
[2.0, 3.0, 8.0, 1.0, 0.7, 0.30000000000000004, 0.8999999999999999, 126.7237999999999]
[2.0, 3.0, 8.0, 1.0, 0.7, 0.4, 0.8999999999999999, 126.75139999999996]
[2.0, 3.0, 8.0, 1.0, 0.7, 0.5, 0.8999999999999999, 126.74539999999998]
[2.0, 3.0, 8.0, 1.0, 0.7, 0.6, 0.8999999999999999, 126.76519999999995]
[2.0, 3.0, 8.0, 1.0, 0.7, 0.7, 0.8999999999999999, 126.78499999999998]
[2.0, 3.0, 8.0, 1.0, 0.7, 0.7999999999999999, 0.8999999999999999, 126.76039999999996]
[2.0, 3.0, 8.0, 1.0, 0.7, 0.8999999999999999, 0.8999999999999999, 126.78499999999997]
[2.0, 3.0, 8.0, 1.0, 0.7, 0.9999999999999999, 0.8999999999999999, 126.7994]
[2.0, 3.0, 8.0, 1.0, 0.7, 0.0, 0.9999999999999999, 126.75259999999996]
[2.0, 3.0, 8.0, 1.0, 0.7, 0.1, 0.9999999999999999, 126.75259999999996]
[2.0, 3.0, 8.0, 1.0, 0.7, 0.2, 0.9999999999999999, 126.75259999999996]
[2.0, 3.0, 8.0, 1.0, 0.7, 0.30000000000000004, 0.9999999999999999, 126.75259999999996]
[2.0, 3.0, 8.0, 1.0, 0.7, 0.4, 0.9999999999999999, 126.75259999999996]
[2.0, 3.0, 8.0, 1.0, 0.7, 0.5, 0.9999999999999999, 126.75259999999996]
[2.0, 3.0, 8.0, 1.0, 0.7, 0.6, 0.9999999999999999, 126.75259999999996]
[2.0, 3.0, 8.0, 1.0, 0.7, 0.7, 0.9999999999999999, 126.75259999999996]
[2.0, 3.0, 8.0, 1.0, 0.7, 0.7999999999999999, 0.9999999999999999, 126.75259999999996]
[2.0, 3.0, 8.0, 1.0, 0.7, 0.8999999999999999, 0.9999999999999999, 126.75259999999996]
[2.0, 3.0, 8.0, 1.0, 0.7, 0.9999999999999999, 0.9999999999999999, 126.75259999999996]
[3.0, 2.0, 8.0, 1.0, 0.7, 0.0, 0.0, 109.55479999999994]
[3.0, 2.0, 8.0, 1.0, 0.7, 0.1, 0.0, 109.86859999999992]
[3.0, 2.0, 8.0, 1.0, 0.7, 0.2, 0.0, 110.45599999999993]
[3.0, 2.0, 8.0, 1.0, 0.7, 0.30000000000000004, 0.0, 120.02839999999988]
[3.0, 2.0, 8.0, 1.0, 0.7, 0.4, 0.0, 132.90379999999993]
[3.0, 2.0, 8.0, 1.0, 0.7, 0.5, 0.0, 141.5036000000001]
[3.0, 2.0, 8.0, 1.0, 0.7, 0.6, 0.0, 152.96540000000002]
[3.0, 2.0, 8.0, 1.0, 0.7, 0.7, 0.0, 155.2994]
[3.0, 2.0, 8.0, 1.0, 0.7, 0.7999999999999999, 0.0, 155.8682]
[3.0, 2.0, 8.0, 1.0, 0.7, 0.8999999999999999, 0.0, 156.19039999999998]
[3.0, 2.0, 8.0, 1.0, 0.7, 0.9999999999999999, 0.0, 156.49220000000003]
[3.0, 2.0, 8.0, 1.0, 0.7, 0.0, 0.1, 109.78519999999988]
[3.0, 2.0, 8.0, 1.0, 0.7, 0.1, 0.1, 110.36720000000005]
[3.0, 2.0, 8.0, 1.0, 0.7, 0.2, 0.1, 113.141]
[3.0, 2.0, 8.0, 1.0, 0.7, 0.30000000000000004, 0.1, 120.01999999999994]
[3.0, 2.0, 8.0, 1.0, 0.7, 0.4, 0.1, 122.38459999999995]
[3.0, 2.0, 8.0, 1.0, 0.7, 0.5, 0.1, 139.06279999999998]
[3.0, 2.0, 8.0, 1.0, 0.7, 0.6, 0.1, 150.69080000000002]
[3.0, 2.0, 8.0, 1.0, 0.7, 0.7, 0.1, 154.76479999999998]
[3.0, 2.0, 8.0, 1.0, 0.7, 0.7999999999999999, 0.1, 155.552]
[3.0, 2.0, 8.0, 1.0, 0.7, 0.8999999999999999, 0.1, 155.9846]
[3.0, 2.0, 8.0, 1.0, 0.7, 0.9999999999999999, 0.1, 156.24620000000002]
[3.0, 2.0, 8.0, 1.0, 0.7, 0.0, 0.2, 110.28799999999985]
[3.0, 2.0, 8.0, 1.0, 0.7, 0.1, 0.2, 112.86680000000001]
[3.0, 2.0, 8.0, 1.0, 0.7, 0.2, 0.2, 118.84280000000004]
[3.0, 2.0, 8.0, 1.0, 0.7, 0.30000000000000004, 0.2, 121.03100000000016]
[3.0, 2.0, 8.0, 1.0, 0.7, 0.4, 0.2, 121.68440000000012]
[3.0, 2.0, 8.0, 1.0, 0.7, 0.5, 0.2, 129.56719999999999]
[3.0, 2.0, 8.0, 1.0, 0.7, 0.6, 0.2, 140.79859999999994]
[3.0, 2.0, 8.0, 1.0, 0.7, 0.7, 0.2, 150.28700000000003]
[3.0, 2.0, 8.0, 1.0, 0.7, 0.7999999999999999, 0.2, 155.01259999999996]
[3.0, 2.0, 8.0, 1.0, 0.7, 0.8999999999999999, 0.2, 155.5892]
[3.0, 2.0, 8.0, 1.0, 0.7, 0.9999999999999999, 0.2, 155.96959999999999]
[3.0, 2.0, 8.0, 1.0, 0.7, 0.0, 0.30000000000000004, 114.98059999999984]
[3.0, 2.0, 8.0, 1.0, 0.7, 0.1, 0.30000000000000004, 120.5528]
[3.0, 2.0, 8.0, 1.0, 0.7, 0.2, 0.30000000000000004, 120.62660000000008]
[3.0, 2.0, 8.0, 1.0, 0.7, 0.30000000000000004, 0.30000000000000004, 120.97400000000003]
[3.0, 2.0, 8.0, 1.0, 0.7, 0.4, 0.30000000000000004, 121.37719999999995]
[3.0, 2.0, 8.0, 1.0, 0.7, 0.5, 0.30000000000000004, 128.37860000000003]
[3.0, 2.0, 8.0, 1.0, 0.7, 0.6, 0.30000000000000004, 126.29360000000008]
[3.0, 2.0, 8.0, 1.0, 0.7, 0.7, 0.30000000000000004, 140.03179999999986]
[3.0, 2.0, 8.0, 1.0, 0.7, 0.7999999999999999, 0.30000000000000004, 149.76620000000008]
[3.0, 2.0, 8.0, 1.0, 0.7, 0.8999999999999999, 0.30000000000000004, 154.9796]
[3.0, 2.0, 8.0, 1.0, 0.7, 0.9999999999999999, 0.30000000000000004, 155.2232]
[3.0, 2.0, 8.0, 1.0, 0.7, 0.0, 0.4, 119.7571999999999]
[3.0, 2.0, 8.0, 1.0, 0.7, 0.1, 0.4, 120.80060000000016]
[3.0, 2.0, 8.0, 1.0, 0.7, 0.2, 0.4, 120.87560000000006]
[3.0, 2.0, 8.0, 1.0, 0.7, 0.30000000000000004, 0.4, 121.03940000000004]
[3.0, 2.0, 8.0, 1.0, 0.7, 0.4, 0.4, 121.32559999999994]
[3.0, 2.0, 8.0, 1.0, 0.7, 0.5, 0.4, 122.00119999999998]
[3.0, 2.0, 8.0, 1.0, 0.7, 0.6, 0.4, 127.10059999999993]
[3.0, 2.0, 8.0, 1.0, 0.7, 0.7, 0.4, 130.48160000000007]
[3.0, 2.0, 8.0, 1.0, 0.7, 0.7999999999999999, 0.4, 135.18019999999996]
[3.0, 2.0, 8.0, 1.0, 0.7, 0.8999999999999999, 0.4, 149.1992]
[3.0, 2.0, 8.0, 1.0, 0.7, 0.9999999999999999, 0.4, 151.3508]
[3.0, 2.0, 8.0, 1.0, 0.7, 0.0, 0.5, 120.81140000000005]
[3.0, 2.0, 8.0, 1.0, 0.7, 0.1, 0.5, 120.92720000000003]
[3.0, 2.0, 8.0, 1.0, 0.7, 0.2, 0.5, 121.05140000000016]
[3.0, 2.0, 8.0, 1.0, 0.7, 0.30000000000000004, 0.5, 121.1575999999999]
[3.0, 2.0, 8.0, 1.0, 0.7, 0.4, 0.5, 121.13480000000004]
[3.0, 2.0, 8.0, 1.0, 0.7, 0.5, 0.5, 121.44020000000008]
[3.0, 2.0, 8.0, 1.0, 0.7, 0.6, 0.5, 121.49120000000006]
[3.0, 2.0, 8.0, 1.0, 0.7, 0.7, 0.5, 125.15300000000012]
[3.0, 2.0, 8.0, 1.0, 0.7, 0.7999999999999999, 0.5, 138.09799999999998]
[3.0, 2.0, 8.0, 1.0, 0.7, 0.8999999999999999, 0.5, 136.25240000000002]
[3.0, 2.0, 8.0, 1.0, 0.7, 0.9999999999999999, 0.5, 131.3851999999999]
[3.0, 2.0, 8.0, 1.0, 0.7, 0.0, 0.6, 120.9548]
[3.0, 2.0, 8.0, 1.0, 0.7, 0.1, 0.6, 121.11259999999994]
[3.0, 2.0, 8.0, 1.0, 0.7, 0.2, 0.6, 121.03220000000012]
[3.0, 2.0, 8.0, 1.0, 0.7, 0.30000000000000004, 0.6, 121.08980000000001]
[3.0, 2.0, 8.0, 1.0, 0.7, 0.4, 0.6, 121.11859999999999]
[3.0, 2.0, 8.0, 1.0, 0.7, 0.5, 0.6, 121.46059999999991]
[3.0, 2.0, 8.0, 1.0, 0.7, 0.6, 0.6, 121.46719999999998]
[3.0, 2.0, 8.0, 1.0, 0.7, 0.7, 0.6, 121.72879999999999]
[3.0, 2.0, 8.0, 1.0, 0.7, 0.7999999999999999, 0.6, 122.24959999999992]
[3.0, 2.0, 8.0, 1.0, 0.7, 0.8999999999999999, 0.6, 125.58499999999994]
[3.0, 2.0, 8.0, 1.0, 0.7, 0.9999999999999999, 0.6, 127.97780000000003]
[3.0, 2.0, 8.0, 1.0, 0.7, 0.0, 0.7, 120.97460000000002]
[3.0, 2.0, 8.0, 1.0, 0.7, 0.1, 0.7, 121.03580000000004]
[3.0, 2.0, 8.0, 1.0, 0.7, 0.2, 0.7, 121.07179999999998]
[3.0, 2.0, 8.0, 1.0, 0.7, 0.30000000000000004, 0.7, 121.10120000000005]
[3.0, 2.0, 8.0, 1.0, 0.7, 0.4, 0.7, 121.13480000000003]
[3.0, 2.0, 8.0, 1.0, 0.7, 0.5, 0.7, 121.16360000000005]
[3.0, 2.0, 8.0, 1.0, 0.7, 0.6, 0.7, 121.18519999999997]
[3.0, 2.0, 8.0, 1.0, 0.7, 0.7, 0.7, 121.26260000000009]
[3.0, 2.0, 8.0, 1.0, 0.7, 0.7999999999999999, 0.7, 121.75279999999994]
[3.0, 2.0, 8.0, 1.0, 0.7, 0.8999999999999999, 0.7, 121.62140000000008]
[3.0, 2.0, 8.0, 1.0, 0.7, 0.9999999999999999, 0.7, 122.48120000000003]
[3.0, 2.0, 8.0, 1.0, 0.7, 0.0, 0.7999999999999999, 121.03040000000007]
[3.0, 2.0, 8.0, 1.0, 0.7, 0.1, 0.7999999999999999, 121.0436000000001]
[3.0, 2.0, 8.0, 1.0, 0.7, 0.2, 0.7999999999999999, 121.17739999999996]
[3.0, 2.0, 8.0, 1.0, 0.7, 0.30000000000000004, 0.7999999999999999, 121.08680000000007]
[3.0, 2.0, 8.0, 1.0, 0.7, 0.4, 0.7999999999999999, 121.10660000000006]
[3.0, 2.0, 8.0, 1.0, 0.7, 0.5, 0.7999999999999999, 121.12520000000004]
[3.0, 2.0, 8.0, 1.0, 0.7, 0.6, 0.7999999999999999, 121.15820000000012]
[3.0, 2.0, 8.0, 1.0, 0.7, 0.7, 0.7999999999999999, 121.23260000000002]
[3.0, 2.0, 8.0, 1.0, 0.7, 0.7999999999999999, 0.7999999999999999, 121.17380000000003]
[3.0, 2.0, 8.0, 1.0, 0.7, 0.8999999999999999, 0.7999999999999999, 121.22960000000003]
[3.0, 2.0, 8.0, 1.0, 0.7, 0.9999999999999999, 0.7999999999999999, 121.32260000000012]
[3.0, 2.0, 8.0, 1.0, 0.7, 0.0, 0.8999999999999999, 121.05560000000007]
[3.0, 2.0, 8.0, 1.0, 0.7, 0.1, 0.8999999999999999, 121.06100000000008]
[3.0, 2.0, 8.0, 1.0, 0.7, 0.2, 0.8999999999999999, 121.0460000000001]
[3.0, 2.0, 8.0, 1.0, 0.7, 0.30000000000000004, 0.8999999999999999, 121.09219999999999]
[3.0, 2.0, 8.0, 1.0, 0.7, 0.4, 0.8999999999999999, 121.08860000000008]
[3.0, 2.0, 8.0, 1.0, 0.7, 0.5, 0.8999999999999999, 121.09460000000013]
[3.0, 2.0, 8.0, 1.0, 0.7, 0.6, 0.8999999999999999, 121.11080000000007]
[3.0, 2.0, 8.0, 1.0, 0.7, 0.7, 0.8999999999999999, 121.13540000000009]
[3.0, 2.0, 8.0, 1.0, 0.7, 0.7999999999999999, 0.8999999999999999, 121.1288000000001]
[3.0, 2.0, 8.0, 1.0, 0.7, 0.8999999999999999, 0.8999999999999999, 121.12520000000008]
[3.0, 2.0, 8.0, 1.0, 0.7, 0.9999999999999999, 0.8999999999999999, 121.14799999999998]
[3.0, 2.0, 8.0, 1.0, 0.7, 0.0, 0.9999999999999999, 121.07540000000007]
[3.0, 2.0, 8.0, 1.0, 0.7, 0.1, 0.9999999999999999, 121.07540000000007]
[3.0, 2.0, 8.0, 1.0, 0.7, 0.2, 0.9999999999999999, 121.07540000000007]
[3.0, 2.0, 8.0, 1.0, 0.7, 0.30000000000000004, 0.9999999999999999, 121.07540000000007]
[3.0, 2.0, 8.0, 1.0, 0.7, 0.4, 0.9999999999999999, 121.07540000000007]
[3.0, 2.0, 8.0, 1.0, 0.7, 0.5, 0.9999999999999999, 121.07540000000007]
[3.0, 2.0, 8.0, 1.0, 0.7, 0.6, 0.9999999999999999, 121.07540000000007]
[3.0, 2.0, 8.0, 1.0, 0.7, 0.7, 0.9999999999999999, 121.07540000000007]
[3.0, 2.0, 8.0, 1.0, 0.7, 0.7999999999999999, 0.9999999999999999, 121.07540000000007]
[3.0, 2.0, 8.0, 1.0, 0.7, 0.8999999999999999, 0.9999999999999999, 121.07540000000007]
[3.0, 2.0, 8.0, 1.0, 0.7, 0.9999999999999999, 0.9999999999999999, 121.07540000000007]
[4.0, 1.0, 8.0, 1.0, 0.7, 0.0, 0.0, 109.55539999999993]
[4.0, 1.0, 8.0, 1.0, 0.7, 0.1, 0.0, 110.23520000000003]
[4.0, 1.0, 8.0, 1.0, 0.7, 0.2, 0.0, 119.94799999999991]
[4.0, 1.0, 8.0, 1.0, 0.7, 0.30000000000000004, 0.0, 133.26559999999998]
[4.0, 1.0, 8.0, 1.0, 0.7, 0.4, 0.0, 146.0774]
[4.0, 1.0, 8.0, 1.0, 0.7, 0.5, 0.0, 153.0326]
[4.0, 1.0, 8.0, 1.0, 0.7, 0.6, 0.0, 155.24179999999998]
[4.0, 1.0, 8.0, 1.0, 0.7, 0.7, 0.0, 155.61379999999997]
[4.0, 1.0, 8.0, 1.0, 0.7, 0.7999999999999999, 0.0, 155.8784]
[4.0, 1.0, 8.0, 1.0, 0.7, 0.8999999999999999, 0.0, 156.1838]
[4.0, 1.0, 8.0, 1.0, 0.7, 0.9999999999999999, 0.0, 156.4952]
[4.0, 1.0, 8.0, 1.0, 0.7, 0.0, 0.1, 110.56399999999991]
[4.0, 1.0, 8.0, 1.0, 0.7, 0.1, 0.1, 113.29279999999991]
[4.0, 1.0, 8.0, 1.0, 0.7, 0.2, 0.1, 116.22500000000014]
[4.0, 1.0, 8.0, 1.0, 0.7, 0.30000000000000004, 0.1, 132.75560000000004]
[4.0, 1.0, 8.0, 1.0, 0.7, 0.4, 0.1, 140.68880000000004]
[4.0, 1.0, 8.0, 1.0, 0.7, 0.5, 0.1, 151.7]
[4.0, 1.0, 8.0, 1.0, 0.7, 0.6, 0.1, 154.7924]
[4.0, 1.0, 8.0, 1.0, 0.7, 0.7, 0.1, 155.48479999999998]
[4.0, 1.0, 8.0, 1.0, 0.7, 0.7999999999999999, 0.1, 155.52439999999999]
[4.0, 1.0, 8.0, 1.0, 0.7, 0.8999999999999999, 0.1, 155.88379999999998]
[4.0, 1.0, 8.0, 1.0, 0.7, 0.9999999999999999, 0.1, 156.2858]
[4.0, 1.0, 8.0, 1.0, 0.7, 0.0, 0.2, 114.63739999999999]
[4.0, 1.0, 8.0, 1.0, 0.7, 0.1, 0.2, 115.08199999999997]
[4.0, 1.0, 8.0, 1.0, 0.7, 0.2, 0.2, 116.20699999999994]
[4.0, 1.0, 8.0, 1.0, 0.7, 0.30000000000000004, 0.2, 121.05980000000001]
[4.0, 1.0, 8.0, 1.0, 0.7, 0.4, 0.2, 138.22280000000003]
[4.0, 1.0, 8.0, 1.0, 0.7, 0.5, 0.2, 151.1336]
[4.0, 1.0, 8.0, 1.0, 0.7, 0.6, 0.2, 153.5816]
[4.0, 1.0, 8.0, 1.0, 0.7, 0.7, 0.2, 154.3082]
[4.0, 1.0, 8.0, 1.0, 0.7, 0.7999999999999999, 0.2, 155.40859999999998]
[4.0, 1.0, 8.0, 1.0, 0.7, 0.8999999999999999, 0.2, 155.67199999999997]
[4.0, 1.0, 8.0, 1.0, 0.7, 0.9999999999999999, 0.2, 155.99179999999996]
[4.0, 1.0, 8.0, 1.0, 0.7, 0.0, 0.30000000000000004, 115.17079999999997]
[4.0, 1.0, 8.0, 1.0, 0.7, 0.1, 0.30000000000000004, 115.43059999999991]
[4.0, 1.0, 8.0, 1.0, 0.7, 0.2, 0.30000000000000004, 116.52079999999991]
[4.0, 1.0, 8.0, 1.0, 0.7, 0.30000000000000004, 0.30000000000000004, 117.90679999999992]
[4.0, 1.0, 8.0, 1.0, 0.7, 0.4, 0.30000000000000004, 127.02980000000004]
[4.0, 1.0, 8.0, 1.0, 0.7, 0.5, 0.30000000000000004, 135.05119999999997]
[4.0, 1.0, 8.0, 1.0, 0.7, 0.6, 0.30000000000000004, 151.51340000000002]
[4.0, 1.0, 8.0, 1.0, 0.7, 0.7, 0.30000000000000004, 153.0386]
[4.0, 1.0, 8.0, 1.0, 0.7, 0.7999999999999999, 0.30000000000000004, 154.7678]
[4.0, 1.0, 8.0, 1.0, 0.7, 0.8999999999999999, 0.30000000000000004, 155.41939999999997]
[4.0, 1.0, 8.0, 1.0, 0.7, 0.9999999999999999, 0.30000000000000004, 155.54479999999998]
[4.0, 1.0, 8.0, 1.0, 0.7, 0.0, 0.4, 115.24940000000004]
[4.0, 1.0, 8.0, 1.0, 0.7, 0.1, 0.4, 115.25479999999986]
[4.0, 1.0, 8.0, 1.0, 0.7, 0.2, 0.4, 115.424]
[4.0, 1.0, 8.0, 1.0, 0.7, 0.30000000000000004, 0.4, 118.70539999999991]
[4.0, 1.0, 8.0, 1.0, 0.7, 0.4, 0.4, 123.092]
[4.0, 1.0, 8.0, 1.0, 0.7, 0.5, 0.4, 132.6182]
[4.0, 1.0, 8.0, 1.0, 0.7, 0.6, 0.4, 140.30960000000005]
[4.0, 1.0, 8.0, 1.0, 0.7, 0.7, 0.4, 147.5348]
[4.0, 1.0, 8.0, 1.0, 0.7, 0.7999999999999999, 0.4, 154.18220000000002]
[4.0, 1.0, 8.0, 1.0, 0.7, 0.8999999999999999, 0.4, 154.89860000000004]
[4.0, 1.0, 8.0, 1.0, 0.7, 0.9999999999999999, 0.4, 155.26880000000003]
[4.0, 1.0, 8.0, 1.0, 0.7, 0.0, 0.5, 115.28240000000001]
[4.0, 1.0, 8.0, 1.0, 0.7, 0.1, 0.5, 115.34179999999999]
[4.0, 1.0, 8.0, 1.0, 0.7, 0.2, 0.5, 115.88780000000004]
[4.0, 1.0, 8.0, 1.0, 0.7, 0.30000000000000004, 0.5, 115.9448]
[4.0, 1.0, 8.0, 1.0, 0.7, 0.4, 0.5, 123.28220000000013]
[4.0, 1.0, 8.0, 1.0, 0.7, 0.5, 0.5, 124.66519999999997]
[4.0, 1.0, 8.0, 1.0, 0.7, 0.6, 0.5, 129.01640000000003]
[4.0, 1.0, 8.0, 1.0, 0.7, 0.7, 0.5, 140.54780000000005]
[4.0, 1.0, 8.0, 1.0, 0.7, 0.7999999999999999, 0.5, 145.0814]
[4.0, 1.0, 8.0, 1.0, 0.7, 0.8999999999999999, 0.5, 147.20000000000002]
[4.0, 1.0, 8.0, 1.0, 0.7, 0.9999999999999999, 0.5, 154.0604]
[4.0, 1.0, 8.0, 1.0, 0.7, 0.0, 0.6, 115.31179999999998]
[4.0, 1.0, 8.0, 1.0, 0.7, 0.1, 0.6, 115.3508]
[4.0, 1.0, 8.0, 1.0, 0.7, 0.2, 0.6, 115.43179999999994]
[4.0, 1.0, 8.0, 1.0, 0.7, 0.30000000000000004, 0.6, 115.57159999999986]
[4.0, 1.0, 8.0, 1.0, 0.7, 0.4, 0.6, 117.6674]
[4.0, 1.0, 8.0, 1.0, 0.7, 0.5, 0.6, 122.81419999999994]
[4.0, 1.0, 8.0, 1.0, 0.7, 0.6, 0.6, 124.82839999999989]
[4.0, 1.0, 8.0, 1.0, 0.7, 0.7, 0.6, 129.92599999999993]
[4.0, 1.0, 8.0, 1.0, 0.7, 0.7999999999999999, 0.6, 139.04540000000003]
[4.0, 1.0, 8.0, 1.0, 0.7, 0.8999999999999999, 0.6, 140.4404]
[4.0, 1.0, 8.0, 1.0, 0.7, 0.9999999999999999, 0.6, 146.2268]
[4.0, 1.0, 8.0, 1.0, 0.7, 0.0, 0.7, 115.3184]
[4.0, 1.0, 8.0, 1.0, 0.7, 0.1, 0.7, 115.337]
[4.0, 1.0, 8.0, 1.0, 0.7, 0.2, 0.7, 115.53200000000001]
[4.0, 1.0, 8.0, 1.0, 0.7, 0.30000000000000004, 0.7, 115.56799999999991]
[4.0, 1.0, 8.0, 1.0, 0.7, 0.4, 0.7, 115.91479999999999]
[4.0, 1.0, 8.0, 1.0, 0.7, 0.5, 0.7, 115.89620000000001]
[4.0, 1.0, 8.0, 1.0, 0.7, 0.6, 0.7, 117.98600000000006]
[4.0, 1.0, 8.0, 1.0, 0.7, 0.7, 0.7, 121.38799999999996]
[4.0, 1.0, 8.0, 1.0, 0.7, 0.7999999999999999, 0.7, 125.6102]
[4.0, 1.0, 8.0, 1.0, 0.7, 0.8999999999999999, 0.7, 126.0272]
[4.0, 1.0, 8.0, 1.0, 0.7, 0.9999999999999999, 0.7, 133.86739999999998]
[4.0, 1.0, 8.0, 1.0, 0.7, 0.0, 0.7999999999999999, 115.32919999999997]
[4.0, 1.0, 8.0, 1.0, 0.7, 0.1, 0.7999999999999999, 115.34360000000001]
[4.0, 1.0, 8.0, 1.0, 0.7, 0.2, 0.7999999999999999, 115.37239999999994]
[4.0, 1.0, 8.0, 1.0, 0.7, 0.30000000000000004, 0.7999999999999999, 115.53860000000003]
[4.0, 1.0, 8.0, 1.0, 0.7, 0.4, 0.7999999999999999, 115.5332]
[4.0, 1.0, 8.0, 1.0, 0.7, 0.5, 0.7999999999999999, 115.41079999999994]
[4.0, 1.0, 8.0, 1.0, 0.7, 0.6, 0.7999999999999999, 115.67359999999998]
[4.0, 1.0, 8.0, 1.0, 0.7, 0.7, 0.7999999999999999, 115.54039999999996]
[4.0, 1.0, 8.0, 1.0, 0.7, 0.7999999999999999, 0.7999999999999999, 115.61840000000002]
[4.0, 1.0, 8.0, 1.0, 0.7, 0.8999999999999999, 0.7999999999999999, 116.11340000000018]
[4.0, 1.0, 8.0, 1.0, 0.7, 0.9999999999999999, 0.7999999999999999, 118.60340000000002]
[4.0, 1.0, 8.0, 1.0, 0.7, 0.0, 0.8999999999999999, 115.33399999999999]
[4.0, 1.0, 8.0, 1.0, 0.7, 0.1, 0.8999999999999999, 115.34360000000002]
[4.0, 1.0, 8.0, 1.0, 0.7, 0.2, 0.8999999999999999, 115.34899999999995]
[4.0, 1.0, 8.0, 1.0, 0.7, 0.30000000000000004, 0.8999999999999999, 115.36579999999995]
[4.0, 1.0, 8.0, 1.0, 0.7, 0.4, 0.8999999999999999, 115.64059999999996]
[4.0, 1.0, 8.0, 1.0, 0.7, 0.5, 0.8999999999999999, 115.42040000000001]
[4.0, 1.0, 8.0, 1.0, 0.7, 0.6, 0.8999999999999999, 115.51040000000002]
[4.0, 1.0, 8.0, 1.0, 0.7, 0.7, 0.8999999999999999, 115.43779999999997]
[4.0, 1.0, 8.0, 1.0, 0.7, 0.7999999999999999, 0.8999999999999999, 115.64179999999998]
[4.0, 1.0, 8.0, 1.0, 0.7, 0.8999999999999999, 0.8999999999999999, 115.52419999999995]
[4.0, 1.0, 8.0, 1.0, 0.7, 0.9999999999999999, 0.8999999999999999, 115.53019999999987]
[4.0, 1.0, 8.0, 1.0, 0.7, 0.0, 0.9999999999999999, 115.33879999999999]
[4.0, 1.0, 8.0, 1.0, 0.7, 0.1, 0.9999999999999999, 115.33879999999999]
[4.0, 1.0, 8.0, 1.0, 0.7, 0.2, 0.9999999999999999, 115.33879999999999]
[4.0, 1.0, 8.0, 1.0, 0.7, 0.30000000000000004, 0.9999999999999999, 115.33879999999999]
[4.0, 1.0, 8.0, 1.0, 0.7, 0.4, 0.9999999999999999, 115.33879999999999]
[4.0, 1.0, 8.0, 1.0, 0.7, 0.5, 0.9999999999999999, 115.33879999999999]
[4.0, 1.0, 8.0, 1.0, 0.7, 0.6, 0.9999999999999999, 115.33879999999999]
[4.0, 1.0, 8.0, 1.0, 0.7, 0.7, 0.9999999999999999, 115.33879999999999]
[4.0, 1.0, 8.0, 1.0, 0.7, 0.7999999999999999, 0.9999999999999999, 115.33879999999999]
[4.0, 1.0, 8.0, 1.0, 0.7, 0.8999999999999999, 0.9999999999999999, 115.33879999999999]
[4.0, 1.0, 8.0, 1.0, 0.7, 0.9999999999999999, 0.9999999999999999, 115.33879999999999]
[5.0, 0.0, 8.0, 1.0, 0.7, 0.0, 0.0, 109.55000000000003]
[5.0, 0.0, 8.0, 1.0, 0.7, 0.1, 0.0, 124.62319999999995]
[5.0, 0.0, 8.0, 1.0, 0.7, 0.2, 0.0, 135.51019999999994]
[5.0, 0.0, 8.0, 1.0, 0.7, 0.30000000000000004, 0.0, 145.1]
[5.0, 0.0, 8.0, 1.0, 0.7, 0.4, 0.0, 154.3094]
[5.0, 0.0, 8.0, 1.0, 0.7, 0.5, 0.0, 155.07379999999998]
[5.0, 0.0, 8.0, 1.0, 0.7, 0.6, 0.0, 155.33059999999998]
[5.0, 0.0, 8.0, 1.0, 0.7, 0.7, 0.0, 155.7056]
[5.0, 0.0, 8.0, 1.0, 0.7, 0.7999999999999999, 0.0, 155.88499999999993]
[5.0, 0.0, 8.0, 1.0, 0.7, 0.8999999999999999, 0.0, 156.2726]
[5.0, 0.0, 8.0, 1.0, 0.7, 0.9999999999999999, 0.0, 156.4952]
[5.0, 0.0, 8.0, 1.0, 0.7, 0.0, 0.1, 109.55000000000003]
[5.0, 0.0, 8.0, 1.0, 0.7, 0.1, 0.1, 121.90219999999988]
[5.0, 0.0, 8.0, 1.0, 0.7, 0.2, 0.1, 139.20260000000002]
[5.0, 0.0, 8.0, 1.0, 0.7, 0.30000000000000004, 0.1, 144.42679999999993]
[5.0, 0.0, 8.0, 1.0, 0.7, 0.4, 0.1, 154.1744]
[5.0, 0.0, 8.0, 1.0, 0.7, 0.5, 0.1, 154.9172]
[5.0, 0.0, 8.0, 1.0, 0.7, 0.6, 0.1, 155.2646]
[5.0, 0.0, 8.0, 1.0, 0.7, 0.7, 0.1, 155.561]
[5.0, 0.0, 8.0, 1.0, 0.7, 0.7999999999999999, 0.1, 155.8076]
[5.0, 0.0, 8.0, 1.0, 0.7, 0.8999999999999999, 0.1, 155.97439999999997]
[5.0, 0.0, 8.0, 1.0, 0.7, 0.9999999999999999, 0.1, 156.2306]
[5.0, 0.0, 8.0, 1.0, 0.7, 0.0, 0.2, 109.55000000000003]
[5.0, 0.0, 8.0, 1.0, 0.7, 0.1, 0.2, 116.93900000000002]
[5.0, 0.0, 8.0, 1.0, 0.7, 0.2, 0.2, 132.2324]
[5.0, 0.0, 8.0, 1.0, 0.7, 0.30000000000000004, 0.2, 137.85379999999998]
[5.0, 0.0, 8.0, 1.0, 0.7, 0.4, 0.2, 150.3038]
[5.0, 0.0, 8.0, 1.0, 0.7, 0.5, 0.2, 153.29359999999997]
[5.0, 0.0, 8.0, 1.0, 0.7, 0.6, 0.2, 154.88420000000002]
[5.0, 0.0, 8.0, 1.0, 0.7, 0.7, 0.2, 155.156]
[5.0, 0.0, 8.0, 1.0, 0.7, 0.7999999999999999, 0.2, 155.5304]
[5.0, 0.0, 8.0, 1.0, 0.7, 0.8999999999999999, 0.2, 155.74699999999993]
[5.0, 0.0, 8.0, 1.0, 0.7, 0.9999999999999999, 0.2, 155.879]
[5.0, 0.0, 8.0, 1.0, 0.7, 0.0, 0.30000000000000004, 109.55000000000003]
[5.0, 0.0, 8.0, 1.0, 0.7, 0.1, 0.30000000000000004, 120.10340000000005]
[5.0, 0.0, 8.0, 1.0, 0.7, 0.2, 0.30000000000000004, 130.44440000000003]
[5.0, 0.0, 8.0, 1.0, 0.7, 0.30000000000000004, 0.30000000000000004, 136.37720000000002]
[5.0, 0.0, 8.0, 1.0, 0.7, 0.4, 0.30000000000000004, 150.7328]
[5.0, 0.0, 8.0, 1.0, 0.7, 0.5, 0.30000000000000004, 148.62920000000003]
[5.0, 0.0, 8.0, 1.0, 0.7, 0.6, 0.30000000000000004, 154.73659999999998]
[5.0, 0.0, 8.0, 1.0, 0.7, 0.7, 0.30000000000000004, 154.937]
[5.0, 0.0, 8.0, 1.0, 0.7, 0.7999999999999999, 0.30000000000000004, 155.2796]
[5.0, 0.0, 8.0, 1.0, 0.7, 0.8999999999999999, 0.30000000000000004, 155.47639999999998]
[5.0, 0.0, 8.0, 1.0, 0.7, 0.9999999999999999, 0.30000000000000004, 155.63539999999998]
[5.0, 0.0, 8.0, 1.0, 0.7, 0.0, 0.4, 109.55000000000003]
[5.0, 0.0, 8.0, 1.0, 0.7, 0.1, 0.4, 117.63380000000006]
[5.0, 0.0, 8.0, 1.0, 0.7, 0.2, 0.4, 132.06320000000005]
[5.0, 0.0, 8.0, 1.0, 0.7, 0.30000000000000004, 0.4, 134.24599999999995]
[5.0, 0.0, 8.0, 1.0, 0.7, 0.4, 0.4, 142.8122]
[5.0, 0.0, 8.0, 1.0, 0.7, 0.5, 0.4, 147.2264]
[5.0, 0.0, 8.0, 1.0, 0.7, 0.6, 0.4, 152.8856]
[5.0, 0.0, 8.0, 1.0, 0.7, 0.7, 0.4, 154.20380000000003]
[5.0, 0.0, 8.0, 1.0, 0.7, 0.7999999999999999, 0.4, 154.7414]
[5.0, 0.0, 8.0, 1.0, 0.7, 0.8999999999999999, 0.4, 155.19080000000002]
[5.0, 0.0, 8.0, 1.0, 0.7, 0.9999999999999999, 0.4, 155.35940000000002]
[5.0, 0.0, 8.0, 1.0, 0.7, 0.0, 0.5, 109.55000000000003]
[5.0, 0.0, 8.0, 1.0, 0.7, 0.1, 0.5, 114.46700000000006]
[5.0, 0.0, 8.0, 1.0, 0.7, 0.2, 0.5, 121.17739999999996]
[5.0, 0.0, 8.0, 1.0, 0.7, 0.30000000000000004, 0.5, 132.05840000000003]
[5.0, 0.0, 8.0, 1.0, 0.7, 0.4, 0.5, 137.26100000000005]
[5.0, 0.0, 8.0, 1.0, 0.7, 0.5, 0.5, 142.01960000000003]
[5.0, 0.0, 8.0, 1.0, 0.7, 0.6, 0.5, 148.81879999999998]
[5.0, 0.0, 8.0, 1.0, 0.7, 0.7, 0.5, 153.305]
[5.0, 0.0, 8.0, 1.0, 0.7, 0.7999999999999999, 0.5, 153.7148]
[5.0, 0.0, 8.0, 1.0, 0.7, 0.8999999999999999, 0.5, 154.81940000000003]
[5.0, 0.0, 8.0, 1.0, 0.7, 0.9999999999999999, 0.5, 155.10200000000003]
[5.0, 0.0, 8.0, 1.0, 0.7, 0.0, 0.6, 109.55000000000003]
[5.0, 0.0, 8.0, 1.0, 0.7, 0.1, 0.6, 116.77879999999999]
[5.0, 0.0, 8.0, 1.0, 0.7, 0.2, 0.6, 123.8798]
[5.0, 0.0, 8.0, 1.0, 0.7, 0.30000000000000004, 0.6, 128.0491999999999]
[5.0, 0.0, 8.0, 1.0, 0.7, 0.4, 0.6, 126.28759999999998]
[5.0, 0.0, 8.0, 1.0, 0.7, 0.5, 0.6, 133.97959999999998]
[5.0, 0.0, 8.0, 1.0, 0.7, 0.6, 0.6, 142.6772]
[5.0, 0.0, 8.0, 1.0, 0.7, 0.7, 0.6, 148.34300000000002]
[5.0, 0.0, 8.0, 1.0, 0.7, 0.7999999999999999, 0.6, 146.93]
[5.0, 0.0, 8.0, 1.0, 0.7, 0.8999999999999999, 0.6, 150.93079999999998]
[5.0, 0.0, 8.0, 1.0, 0.7, 0.9999999999999999, 0.6, 154.52179999999998]
[5.0, 0.0, 8.0, 1.0, 0.7, 0.0, 0.7, 109.55000000000003]
[5.0, 0.0, 8.0, 1.0, 0.7, 0.1, 0.7, 113.51540000000001]
[5.0, 0.0, 8.0, 1.0, 0.7, 0.2, 0.7, 118.24939999999987]
[5.0, 0.0, 8.0, 1.0, 0.7, 0.30000000000000004, 0.7, 123.34999999999995]
[5.0, 0.0, 8.0, 1.0, 0.7, 0.4, 0.7, 123.13100000000004]
[5.0, 0.0, 8.0, 1.0, 0.7, 0.5, 0.7, 132.19819999999999]
[5.0, 0.0, 8.0, 1.0, 0.7, 0.6, 0.7, 136.59020000000004]
[5.0, 0.0, 8.0, 1.0, 0.7, 0.7, 0.7, 141.98540000000003]
[5.0, 0.0, 8.0, 1.0, 0.7, 0.7999999999999999, 0.7, 148.1072]
[5.0, 0.0, 8.0, 1.0, 0.7, 0.8999999999999999, 0.7, 142.7852]
[5.0, 0.0, 8.0, 1.0, 0.7, 0.9999999999999999, 0.7, 147.06859999999998]
[5.0, 0.0, 8.0, 1.0, 0.7, 0.0, 0.7999999999999999, 109.55000000000003]
[5.0, 0.0, 8.0, 1.0, 0.7, 0.1, 0.7999999999999999, 113.46739999999997]
[5.0, 0.0, 8.0, 1.0, 0.7, 0.2, 0.7999999999999999, 116.07740000000001]
[5.0, 0.0, 8.0, 1.0, 0.7, 0.30000000000000004, 0.7999999999999999, 118.27399999999996]
[5.0, 0.0, 8.0, 1.0, 0.7, 0.4, 0.7999999999999999, 124.45819999999995]
[5.0, 0.0, 8.0, 1.0, 0.7, 0.5, 0.7999999999999999, 122.41520000000001]
[5.0, 0.0, 8.0, 1.0, 0.7, 0.6, 0.7999999999999999, 127.99220000000001]
[5.0, 0.0, 8.0, 1.0, 0.7, 0.7, 0.7999999999999999, 129.1874]
[5.0, 0.0, 8.0, 1.0, 0.7, 0.7999999999999999, 0.7999999999999999, 130.9022]
[5.0, 0.0, 8.0, 1.0, 0.7, 0.8999999999999999, 0.7999999999999999, 134.16020000000006]
[5.0, 0.0, 8.0, 1.0, 0.7, 0.9999999999999999, 0.7999999999999999, 136.69280000000003]
[5.0, 0.0, 8.0, 1.0, 0.7, 0.0, 0.8999999999999999, 109.55000000000003]
[5.0, 0.0, 8.0, 1.0, 0.7, 0.1, 0.8999999999999999, 110.8418]
[5.0, 0.0, 8.0, 1.0, 0.7, 0.2, 0.8999999999999999, 113.07199999999997]
[5.0, 0.0, 8.0, 1.0, 0.7, 0.30000000000000004, 0.8999999999999999, 112.96580000000013]
[5.0, 0.0, 8.0, 1.0, 0.7, 0.4, 0.8999999999999999, 114.092]
[5.0, 0.0, 8.0, 1.0, 0.7, 0.5, 0.8999999999999999, 120.20840000000008]
[5.0, 0.0, 8.0, 1.0, 0.7, 0.6, 0.8999999999999999, 119.63300000000005]
[5.0, 0.0, 8.0, 1.0, 0.7, 0.7, 0.8999999999999999, 121.56859999999999]
[5.0, 0.0, 8.0, 1.0, 0.7, 0.7999999999999999, 0.8999999999999999, 122.513]
[5.0, 0.0, 8.0, 1.0, 0.7, 0.8999999999999999, 0.8999999999999999, 122.61439999999997]
[5.0, 0.0, 8.0, 1.0, 0.7, 0.9999999999999999, 0.8999999999999999, 125.93479999999997]
[5.0, 0.0, 8.0, 1.0, 0.7, 0.0, 0.9999999999999999, 109.55000000000003]
[5.0, 0.0, 8.0, 1.0, 0.7, 0.1, 0.9999999999999999, 109.55000000000003]
[5.0, 0.0, 8.0, 1.0, 0.7, 0.2, 0.9999999999999999, 109.55000000000003]
[5.0, 0.0, 8.0, 1.0, 0.7, 0.30000000000000004, 0.9999999999999999, 109.55000000000003]
[5.0, 0.0, 8.0, 1.0, 0.7, 0.4, 0.9999999999999999, 109.55000000000003]
[5.0, 0.0, 8.0, 1.0, 0.7, 0.5, 0.9999999999999999, 109.55000000000003]
[5.0, 0.0, 8.0, 1.0, 0.7, 0.6, 0.9999999999999999, 109.55000000000003]
[5.0, 0.0, 8.0, 1.0, 0.7, 0.7, 0.9999999999999999, 109.55000000000003]
[5.0, 0.0, 8.0, 1.0, 0.7, 0.7999999999999999, 0.9999999999999999, 109.55000000000003]
[5.0, 0.0, 8.0, 1.0, 0.7, 0.8999999999999999, 0.9999999999999999, 109.55000000000003]
[5.0, 0.0, 8.0, 1.0, 0.7, 0.9999999999999999, 0.9999999999999999, 109.55000000000003]
